/*--------------------------------*- C++ -*----------------------------------*\
  =========                 |
  \\      /  F ield         | OpenFOAM: The Open Source CFD Toolbox
   \\    /   O peration     | Website:  https://openfoam.org
    \\  /    A nd           | Version:  11
     \\/     M anipulation  |
\*---------------------------------------------------------------------------*/
FoamFile
{
    format      ascii;
    class       labelList;
    note        "nPoints: 3002 nCells: 1400 nFaces: 5700 nInternalFaces: 2700";
    location    "constant/polyMesh";
    object      owner;
}
// * * * * * * * * * * * * * * * * * * * * * * * * * * * * * * * * * * * * * //


5700
(
0
0
1
1
2
2
3
3
4
4
5
5
6
6
7
7
8
8
9
9
10
10
11
11
12
12
13
13
14
14
15
15
16
16
17
17
18
18
19
19
20
20
21
21
22
22
23
23
24
24
25
25
26
26
27
27
28
28
29
29
30
30
31
31
32
32
33
33
34
34
35
35
36
36
37
37
38
38
39
39
40
40
41
41
42
42
43
43
44
44
45
45
46
46
47
47
48
48
49
49
50
50
51
51
52
52
53
53
54
54
55
55
56
56
57
57
58
58
59
59
60
60
61
61
62
62
63
63
64
64
65
65
66
66
67
67
68
68
69
69
70
70
71
71
72
72
73
73
74
74
75
75
76
76
77
77
78
78
79
79
80
80
81
81
82
82
83
83
84
84
85
85
86
86
87
87
88
88
89
89
90
90
91
91
92
92
93
93
94
94
95
95
96
96
97
97
98
98
99
99
100
100
101
101
102
102
103
103
104
104
105
105
106
106
107
107
108
108
109
109
110
110
111
111
112
112
113
113
114
114
115
115
116
116
117
117
118
118
119
119
120
120
121
121
122
122
123
123
124
124
125
125
126
126
127
127
128
128
129
129
130
130
131
131
132
132
133
133
134
134
135
135
136
136
137
137
138
138
139
139
140
140
141
141
142
142
143
143
144
144
145
145
146
146
147
147
148
148
149
149
150
150
151
151
152
152
153
153
154
154
155
155
156
156
157
157
158
158
159
159
160
160
161
161
162
162
163
163
164
164
165
165
166
166
167
167
168
168
169
169
170
170
171
171
172
172
173
173
174
174
175
175
176
176
177
177
178
178
179
179
180
180
181
181
182
182
183
183
184
184
185
185
186
186
187
187
188
188
189
189
190
190
191
191
192
192
193
193
194
194
195
195
196
196
197
197
198
198
199
199
200
200
201
201
202
202
203
203
204
204
205
205
206
206
207
207
208
208
209
209
210
210
211
211
212
212
213
213
214
214
215
215
216
216
217
217
218
218
219
219
220
220
221
221
222
222
223
223
224
224
225
225
226
226
227
227
228
228
229
229
230
230
231
231
232
232
233
233
234
234
235
235
236
236
237
237
238
238
239
239
240
240
241
241
242
242
243
243
244
244
245
245
246
246
247
247
248
248
249
249
250
250
251
251
252
252
253
253
254
254
255
255
256
256
257
257
258
258
259
259
260
260
261
261
262
262
263
263
264
264
265
265
266
266
267
267
268
268
269
269
270
270
271
271
272
272
273
273
274
274
275
275
276
276
277
277
278
278
279
279
280
280
281
281
282
282
283
283
284
284
285
285
286
286
287
287
288
288
289
289
290
290
291
291
292
292
293
293
294
294
295
295
296
296
297
297
298
298
299
299
300
300
301
301
302
302
303
303
304
304
305
305
306
306
307
307
308
308
309
309
310
310
311
311
312
312
313
313
314
314
315
315
316
316
317
317
318
318
319
319
320
320
321
321
322
322
323
323
324
324
325
325
326
326
327
327
328
328
329
329
330
330
331
331
332
332
333
333
334
334
335
335
336
336
337
337
338
338
339
339
340
340
341
341
342
342
343
343
344
344
345
345
346
346
347
347
348
348
349
349
350
350
351
351
352
352
353
353
354
354
355
355
356
356
357
357
358
358
359
359
360
360
361
361
362
362
363
363
364
364
365
365
366
366
367
367
368
368
369
369
370
370
371
371
372
372
373
373
374
374
375
375
376
376
377
377
378
378
379
379
380
381
382
383
384
385
386
387
388
389
390
391
392
393
394
395
396
397
398
399
400
400
401
401
402
402
403
403
404
404
405
405
406
406
407
407
408
408
409
409
410
410
411
411
412
412
413
413
414
414
415
415
416
416
417
417
418
418
419
419
420
420
421
421
422
422
423
423
424
424
425
425
426
426
427
427
428
428
429
429
430
430
431
431
432
432
433
433
434
434
435
435
436
436
437
437
438
438
439
439
440
440
441
441
442
442
443
443
444
444
445
445
446
446
447
447
448
448
449
449
450
450
451
451
452
452
453
453
454
454
455
455
456
456
457
457
458
458
459
459
460
460
461
461
462
462
463
463
464
464
465
465
466
466
467
467
468
468
469
469
470
470
471
471
472
472
473
473
474
474
475
475
476
476
477
477
478
478
479
479
480
480
481
481
482
482
483
483
484
484
485
485
486
486
487
487
488
488
489
489
490
490
491
491
492
492
493
493
494
494
495
495
496
496
497
497
498
498
499
499
500
500
501
501
502
502
503
503
504
504
505
505
506
506
507
507
508
508
509
509
510
510
511
511
512
512
513
513
514
514
515
515
516
516
517
517
518
518
519
519
520
520
521
521
522
522
523
523
524
524
525
525
526
526
527
527
528
528
529
529
530
530
531
531
532
532
533
533
534
534
535
535
536
536
537
537
538
538
539
539
540
540
541
541
542
542
543
543
544
544
545
545
546
546
547
547
548
548
549
549
550
550
551
551
552
552
553
553
554
554
555
555
556
556
557
557
558
558
559
559
560
560
561
561
562
562
563
563
564
564
565
565
566
566
567
567
568
568
569
569
570
570
571
571
572
572
573
573
574
574
575
575
576
576
577
577
578
578
579
579
580
580
581
581
582
582
583
583
584
584
585
585
586
586
587
587
588
588
589
589
590
590
591
591
592
592
593
593
594
594
595
595
596
596
597
597
598
598
599
599
600
600
601
601
602
602
603
603
604
604
605
605
606
606
607
607
608
608
609
609
610
610
611
611
612
612
613
613
614
614
615
615
616
616
617
617
618
618
619
619
620
620
621
621
622
622
623
623
624
624
625
625
626
626
627
627
628
628
629
630
630
631
631
632
632
633
633
634
634
635
635
636
636
637
637
638
638
639
639
640
640
641
641
642
642
643
643
644
644
645
645
646
646
647
647
648
648
649
649
650
650
651
651
652
652
653
653
654
654
655
655
656
656
657
657
658
658
659
660
660
661
661
662
662
663
663
664
664
665
665
666
666
667
667
668
668
669
669
670
670
671
671
672
672
673
673
674
674
675
675
676
676
677
677
678
678
679
679
680
680
681
681
682
682
683
683
684
684
685
685
686
686
687
687
688
688
689
690
690
691
691
692
692
693
693
694
694
695
695
696
696
697
697
698
698
699
699
700
700
701
701
702
702
703
703
704
704
705
705
706
706
707
707
708
708
709
709
710
710
711
711
712
712
713
713
714
714
715
715
716
716
717
717
718
718
719
720
720
721
721
722
722
723
723
724
724
725
725
726
726
727
727
728
728
729
729
730
730
731
731
732
732
733
733
734
734
735
735
736
736
737
737
738
738
739
739
740
740
741
741
742
742
743
743
744
744
745
745
746
746
747
747
748
748
749
750
750
751
751
752
752
753
753
754
754
755
755
756
756
757
757
758
758
759
759
760
760
761
761
762
762
763
763
764
764
765
765
766
766
767
767
768
768
769
769
770
770
771
771
772
772
773
773
774
774
775
775
776
776
777
777
778
778
779
780
780
781
781
782
782
783
783
784
784
785
785
786
786
787
787
788
788
789
789
790
790
791
791
792
792
793
793
794
794
795
795
796
796
797
797
798
798
799
799
800
800
801
801
802
802
803
803
804
804
805
805
806
806
807
807
808
808
809
810
810
811
811
812
812
813
813
814
814
815
815
816
816
817
817
818
818
819
819
820
820
821
821
822
822
823
823
824
824
825
825
826
826
827
827
828
828
829
829
830
830
831
831
832
832
833
833
834
834
835
835
836
836
837
837
838
838
839
840
840
841
841
842
842
843
843
844
844
845
845
846
846
847
847
848
848
849
849
850
850
851
851
852
852
853
853
854
854
855
855
856
856
857
857
858
858
859
859
860
860
861
861
862
862
863
863
864
864
865
865
866
866
867
867
868
868
869
870
870
871
871
872
872
873
873
874
874
875
875
876
876
877
877
878
878
879
879
880
880
881
881
882
882
883
883
884
884
885
885
886
886
887
887
888
888
889
889
890
890
891
891
892
892
893
893
894
894
895
895
896
896
897
897
898
898
899
900
900
901
901
902
902
903
903
904
904
905
905
906
906
907
907
908
908
909
909
910
910
911
911
912
912
913
913
914
914
915
915
916
916
917
917
918
918
919
919
920
920
921
921
922
922
923
923
924
924
925
925
926
926
927
927
928
928
929
930
930
931
931
932
932
933
933
934
934
935
935
936
936
937
937
938
938
939
939
940
940
941
941
942
942
943
943
944
944
945
945
946
946
947
947
948
948
949
949
950
950
951
951
952
952
953
953
954
954
955
955
956
956
957
957
958
958
959
960
960
961
961
962
962
963
963
964
964
965
965
966
966
967
967
968
968
969
969
970
970
971
971
972
972
973
973
974
974
975
975
976
976
977
977
978
978
979
979
980
980
981
981
982
982
983
983
984
984
985
985
986
986
987
987
988
988
989
990
990
991
991
992
992
993
993
994
994
995
995
996
996
997
997
998
998
999
999
1000
1000
1001
1001
1002
1002
1003
1003
1004
1004
1005
1005
1006
1006
1007
1007
1008
1008
1009
1009
1010
1010
1011
1011
1012
1012
1013
1013
1014
1014
1015
1015
1016
1016
1017
1017
1018
1018
1019
1020
1020
1021
1021
1022
1022
1023
1023
1024
1024
1025
1025
1026
1026
1027
1027
1028
1028
1029
1029
1030
1030
1031
1031
1032
1032
1033
1033
1034
1034
1035
1035
1036
1036
1037
1037
1038
1038
1039
1039
1040
1040
1041
1041
1042
1042
1043
1043
1044
1044
1045
1045
1046
1046
1047
1047
1048
1048
1049
1050
1050
1051
1051
1052
1052
1053
1053
1054
1054
1055
1055
1056
1056
1057
1057
1058
1058
1059
1059
1060
1060
1061
1061
1062
1062
1063
1063
1064
1064
1065
1065
1066
1066
1067
1067
1068
1068
1069
1069
1070
1070
1071
1071
1072
1072
1073
1073
1074
1074
1075
1075
1076
1076
1077
1077
1078
1078
1079
1080
1080
1081
1081
1082
1082
1083
1083
1084
1084
1085
1085
1086
1086
1087
1087
1088
1088
1089
1089
1090
1090
1091
1091
1092
1092
1093
1093
1094
1094
1095
1095
1096
1096
1097
1097
1098
1098
1099
1099
1100
1100
1101
1101
1102
1102
1103
1103
1104
1104
1105
1105
1106
1106
1107
1107
1108
1108
1109
1110
1110
1111
1111
1112
1112
1113
1113
1114
1114
1115
1115
1116
1116
1117
1117
1118
1118
1119
1119
1120
1120
1121
1121
1122
1122
1123
1123
1124
1124
1125
1125
1126
1126
1127
1127
1128
1128
1129
1129
1130
1130
1131
1131
1132
1132
1133
1133
1134
1134
1135
1135
1136
1136
1137
1137
1138
1138
1139
1140
1140
1141
1141
1142
1142
1143
1143
1144
1144
1145
1145
1146
1146
1147
1147
1148
1148
1149
1149
1150
1150
1151
1151
1152
1152
1153
1153
1154
1154
1155
1155
1156
1156
1157
1157
1158
1158
1159
1159
1160
1160
1161
1161
1162
1162
1163
1163
1164
1164
1165
1165
1166
1166
1167
1167
1168
1168
1169
1170
1171
1172
1173
1174
1175
1176
1177
1178
1179
1180
1181
1182
1183
1184
1185
1186
1187
1188
1189
1190
1191
1192
1193
1194
1195
1196
1197
1198
1200
1200
1201
1201
1202
1202
1203
1203
1204
1204
1205
1205
1206
1206
1207
1207
1208
1208
1209
1210
1210
1211
1211
1212
1212
1213
1213
1214
1214
1215
1215
1216
1216
1217
1217
1218
1218
1219
1220
1220
1221
1221
1222
1222
1223
1223
1224
1224
1225
1225
1226
1226
1227
1227
1228
1228
1229
1230
1230
1231
1231
1232
1232
1233
1233
1234
1234
1235
1235
1236
1236
1237
1237
1238
1238
1239
1240
1240
1241
1241
1242
1242
1243
1243
1244
1244
1245
1245
1246
1246
1247
1247
1248
1248
1249
1250
1250
1251
1251
1252
1252
1253
1253
1254
1254
1255
1255
1256
1256
1257
1257
1258
1258
1259
1260
1260
1261
1261
1262
1262
1263
1263
1264
1264
1265
1265
1266
1266
1267
1267
1268
1268
1269
1270
1270
1271
1271
1272
1272
1273
1273
1274
1274
1275
1275
1276
1276
1277
1277
1278
1278
1279
1280
1280
1281
1281
1282
1282
1283
1283
1284
1284
1285
1285
1286
1286
1287
1287
1288
1288
1289
1290
1290
1291
1291
1292
1292
1293
1293
1294
1294
1295
1295
1296
1296
1297
1297
1298
1298
1299
1300
1300
1301
1301
1302
1302
1303
1303
1304
1304
1305
1305
1306
1306
1307
1307
1308
1308
1309
1310
1310
1311
1311
1312
1312
1313
1313
1314
1314
1315
1315
1316
1316
1317
1317
1318
1318
1319
1320
1320
1321
1321
1322
1322
1323
1323
1324
1324
1325
1325
1326
1326
1327
1327
1328
1328
1329
1330
1330
1331
1331
1332
1332
1333
1333
1334
1334
1335
1335
1336
1336
1337
1337
1338
1338
1339
1340
1340
1341
1341
1342
1342
1343
1343
1344
1344
1345
1345
1346
1346
1347
1347
1348
1348
1349
1350
1350
1351
1351
1352
1352
1353
1353
1354
1354
1355
1355
1356
1356
1357
1357
1358
1358
1359
1360
1360
1361
1361
1362
1362
1363
1363
1364
1364
1365
1365
1366
1366
1367
1367
1368
1368
1369
1370
1370
1371
1371
1372
1372
1373
1373
1374
1374
1375
1375
1376
1376
1377
1377
1378
1378
1379
1380
1380
1381
1381
1382
1382
1383
1383
1384
1384
1385
1385
1386
1386
1387
1387
1388
1388
1389
1390
1391
1392
1393
1394
1395
1396
1397
1398
0
20
40
60
80
100
120
140
160
180
200
220
240
260
280
300
320
340
360
380
0
1
2
3
4
5
6
7
8
9
10
11
12
13
14
15
16
17
18
19
380
381
382
383
384
385
386
387
388
389
390
391
392
393
394
395
396
397
398
399
0
20
40
60
80
100
120
140
160
180
200
220
240
260
280
300
320
340
360
380
1
21
41
61
81
101
121
141
161
181
201
221
241
261
281
301
321
341
361
381
2
22
42
62
82
102
122
142
162
182
202
222
242
262
282
302
322
342
362
382
3
23
43
63
83
103
123
143
163
183
203
223
243
263
283
303
323
343
363
383
4
24
44
64
84
104
124
144
164
184
204
224
244
264
284
304
324
344
364
384
5
25
45
65
85
105
125
145
165
185
205
225
245
265
285
305
325
345
365
385
6
26
46
66
86
106
126
146
166
186
206
226
246
266
286
306
326
346
366
386
7
27
47
67
87
107
127
147
167
187
207
227
247
267
287
307
327
347
367
387
8
28
48
68
88
108
128
148
168
188
208
228
248
268
288
308
328
348
368
388
9
29
49
69
89
109
129
149
169
189
209
229
249
269
289
309
329
349
369
389
10
30
50
70
90
110
130
150
170
190
210
230
250
270
290
310
330
350
370
390
11
31
51
71
91
111
131
151
171
191
211
231
251
271
291
311
331
351
371
391
12
32
52
72
92
112
132
152
172
192
212
232
252
272
292
312
332
352
372
392
13
33
53
73
93
113
133
153
173
193
213
233
253
273
293
313
333
353
373
393
14
34
54
74
94
114
134
154
174
194
214
234
254
274
294
314
334
354
374
394
15
35
55
75
95
115
135
155
175
195
215
235
255
275
295
315
335
355
375
395
16
36
56
76
96
116
136
156
176
196
216
236
256
276
296
316
336
356
376
396
17
37
57
77
97
117
137
157
177
197
217
237
257
277
297
317
337
357
377
397
18
38
58
78
98
118
138
158
178
198
218
238
258
278
298
318
338
358
378
398
19
39
59
79
99
119
139
159
179
199
219
239
259
279
299
319
339
359
379
399
0
20
40
60
80
100
120
140
160
180
200
220
240
260
280
300
320
340
360
380
1
21
41
61
81
101
121
141
161
181
201
221
241
261
281
301
321
341
361
381
2
22
42
62
82
102
122
142
162
182
202
222
242
262
282
302
322
342
362
382
3
23
43
63
83
103
123
143
163
183
203
223
243
263
283
303
323
343
363
383
4
24
44
64
84
104
124
144
164
184
204
224
244
264
284
304
324
344
364
384
5
25
45
65
85
105
125
145
165
185
205
225
245
265
285
305
325
345
365
385
6
26
46
66
86
106
126
146
166
186
206
226
246
266
286
306
326
346
366
386
7
27
47
67
87
107
127
147
167
187
207
227
247
267
287
307
327
347
367
387
8
28
48
68
88
108
128
148
168
188
208
228
248
268
288
308
328
348
368
388
9
29
49
69
89
109
129
149
169
189
209
229
249
269
289
309
329
349
369
389
10
30
50
70
90
110
130
150
170
190
210
230
250
270
290
310
330
350
370
390
11
31
51
71
91
111
131
151
171
191
211
231
251
271
291
311
331
351
371
391
12
32
52
72
92
112
132
152
172
192
212
232
252
272
292
312
332
352
372
392
13
33
53
73
93
113
133
153
173
193
213
233
253
273
293
313
333
353
373
393
14
34
54
74
94
114
134
154
174
194
214
234
254
274
294
314
334
354
374
394
15
35
55
75
95
115
135
155
175
195
215
235
255
275
295
315
335
355
375
395
16
36
56
76
96
116
136
156
176
196
216
236
256
276
296
316
336
356
376
396
17
37
57
77
97
117
137
157
177
197
217
237
257
277
297
317
337
357
377
397
18
38
58
78
98
118
138
158
178
198
218
238
258
278
298
318
338
358
378
398
19
39
59
79
99
119
139
159
179
199
219
239
259
279
299
319
339
359
379
399
400
401
402
403
404
405
406
407
408
409
400
410
420
430
440
450
460
470
480
490
500
510
520
530
540
550
560
570
580
590
401
411
421
431
441
451
461
471
481
491
501
511
521
531
541
551
561
571
581
591
402
412
422
432
442
452
462
472
482
492
502
512
522
532
542
552
562
572
582
592
403
413
423
433
443
453
463
473
483
493
503
513
523
533
543
553
563
573
583
593
404
414
424
434
444
454
464
474
484
494
504
514
524
534
544
554
564
574
584
594
405
415
425
435
445
455
465
475
485
495
505
515
525
535
545
555
565
575
585
595
406
416
426
436
446
456
466
476
486
496
506
516
526
536
546
556
566
576
586
596
407
417
427
437
447
457
467
477
487
497
507
517
527
537
547
557
567
577
587
597
408
418
428
438
448
458
468
478
488
498
508
518
528
538
548
558
568
578
588
598
409
419
429
439
449
459
469
479
489
499
509
519
529
539
549
559
569
579
589
599
400
410
420
430
440
450
460
470
480
490
500
510
520
530
540
550
560
570
580
590
401
411
421
431
441
451
461
471
481
491
501
511
521
531
541
551
561
571
581
591
402
412
422
432
442
452
462
472
482
492
502
512
522
532
542
552
562
572
582
592
403
413
423
433
443
453
463
473
483
493
503
513
523
533
543
553
563
573
583
593
404
414
424
434
444
454
464
474
484
494
504
514
524
534
544
554
564
574
584
594
405
415
425
435
445
455
465
475
485
495
505
515
525
535
545
555
565
575
585
595
406
416
426
436
446
456
466
476
486
496
506
516
526
536
546
556
566
576
586
596
407
417
427
437
447
457
467
477
487
497
507
517
527
537
547
557
567
577
587
597
408
418
428
438
448
458
468
478
488
498
508
518
528
538
548
558
568
578
588
598
409
419
429
439
449
459
469
479
489
499
509
519
529
539
549
559
569
579
589
599
629
659
689
719
749
779
809
839
869
899
929
959
989
1019
1049
1079
1109
1139
1169
1199
600
601
602
603
604
605
606
607
608
609
610
611
612
613
614
615
616
617
618
619
620
621
622
623
624
625
626
627
628
629
1170
1171
1172
1173
1174
1175
1176
1177
1178
1179
1180
1181
1182
1183
1184
1185
1186
1187
1188
1189
1190
1191
1192
1193
1194
1195
1196
1197
1198
1199
600
630
660
690
720
750
780
810
840
870
900
930
960
990
1020
1050
1080
1110
1140
1170
601
631
661
691
721
751
781
811
841
871
901
931
961
991
1021
1051
1081
1111
1141
1171
602
632
662
692
722
752
782
812
842
872
902
932
962
992
1022
1052
1082
1112
1142
1172
603
633
663
693
723
753
783
813
843
873
903
933
963
993
1023
1053
1083
1113
1143
1173
604
634
664
694
724
754
784
814
844
874
904
934
964
994
1024
1054
1084
1114
1144
1174
605
635
665
695
725
755
785
815
845
875
905
935
965
995
1025
1055
1085
1115
1145
1175
606
636
666
696
726
756
786
816
846
876
906
936
966
996
1026
1056
1086
1116
1146
1176
607
637
667
697
727
757
787
817
847
877
907
937
967
997
1027
1057
1087
1117
1147
1177
608
638
668
698
728
758
788
818
848
878
908
938
968
998
1028
1058
1088
1118
1148
1178
609
639
669
699
729
759
789
819
849
879
909
939
969
999
1029
1059
1089
1119
1149
1179
610
640
670
700
730
760
790
820
850
880
910
940
970
1000
1030
1060
1090
1120
1150
1180
611
641
671
701
731
761
791
821
851
881
911
941
971
1001
1031
1061
1091
1121
1151
1181
612
642
672
702
732
762
792
822
852
882
912
942
972
1002
1032
1062
1092
1122
1152
1182
613
643
673
703
733
763
793
823
853
883
913
943
973
1003
1033
1063
1093
1123
1153
1183
614
644
674
704
734
764
794
824
854
884
914
944
974
1004
1034
1064
1094
1124
1154
1184
615
645
675
705
735
765
795
825
855
885
915
945
975
1005
1035
1065
1095
1125
1155
1185
616
646
676
706
736
766
796
826
856
886
916
946
976
1006
1036
1066
1096
1126
1156
1186
617
647
677
707
737
767
797
827
857
887
917
947
977
1007
1037
1067
1097
1127
1157
1187
618
648
678
708
738
768
798
828
858
888
918
948
978
1008
1038
1068
1098
1128
1158
1188
619
649
679
709
739
769
799
829
859
889
919
949
979
1009
1039
1069
1099
1129
1159
1189
620
650
680
710
740
770
800
830
860
890
920
950
980
1010
1040
1070
1100
1130
1160
1190
621
651
681
711
741
771
801
831
861
891
921
951
981
1011
1041
1071
1101
1131
1161
1191
622
652
682
712
742
772
802
832
862
892
922
952
982
1012
1042
1072
1102
1132
1162
1192
623
653
683
713
743
773
803
833
863
893
923
953
983
1013
1043
1073
1103
1133
1163
1193
624
654
684
714
744
774
804
834
864
894
924
954
984
1014
1044
1074
1104
1134
1164
1194
625
655
685
715
745
775
805
835
865
895
925
955
985
1015
1045
1075
1105
1135
1165
1195
626
656
686
716
746
776
806
836
866
896
926
956
986
1016
1046
1076
1106
1136
1166
1196
627
657
687
717
747
777
807
837
867
897
927
957
987
1017
1047
1077
1107
1137
1167
1197
628
658
688
718
748
778
808
838
868
898
928
958
988
1018
1048
1078
1108
1138
1168
1198
629
659
689
719
749
779
809
839
869
899
929
959
989
1019
1049
1079
1109
1139
1169
1199
600
630
660
690
720
750
780
810
840
870
900
930
960
990
1020
1050
1080
1110
1140
1170
601
631
661
691
721
751
781
811
841
871
901
931
961
991
1021
1051
1081
1111
1141
1171
602
632
662
692
722
752
782
812
842
872
902
932
962
992
1022
1052
1082
1112
1142
1172
603
633
663
693
723
753
783
813
843
873
903
933
963
993
1023
1053
1083
1113
1143
1173
604
634
664
694
724
754
784
814
844
874
904
934
964
994
1024
1054
1084
1114
1144
1174
605
635
665
695
725
755
785
815
845
875
905
935
965
995
1025
1055
1085
1115
1145
1175
606
636
666
696
726
756
786
816
846
876
906
936
966
996
1026
1056
1086
1116
1146
1176
607
637
667
697
727
757
787
817
847
877
907
937
967
997
1027
1057
1087
1117
1147
1177
608
638
668
698
728
758
788
818
848
878
908
938
968
998
1028
1058
1088
1118
1148
1178
609
639
669
699
729
759
789
819
849
879
909
939
969
999
1029
1059
1089
1119
1149
1179
610
640
670
700
730
760
790
820
850
880
910
940
970
1000
1030
1060
1090
1120
1150
1180
611
641
671
701
731
761
791
821
851
881
911
941
971
1001
1031
1061
1091
1121
1151
1181
612
642
672
702
732
762
792
822
852
882
912
942
972
1002
1032
1062
1092
1122
1152
1182
613
643
673
703
733
763
793
823
853
883
913
943
973
1003
1033
1063
1093
1123
1153
1183
614
644
674
704
734
764
794
824
854
884
914
944
974
1004
1034
1064
1094
1124
1154
1184
615
645
675
705
735
765
795
825
855
885
915
945
975
1005
1035
1065
1095
1125
1155
1185
616
646
676
706
736
766
796
826
856
886
916
946
976
1006
1036
1066
1096
1126
1156
1186
617
647
677
707
737
767
797
827
857
887
917
947
977
1007
1037
1067
1097
1127
1157
1187
618
648
678
708
738
768
798
828
858
888
918
948
978
1008
1038
1068
1098
1128
1158
1188
619
649
679
709
739
769
799
829
859
889
919
949
979
1009
1039
1069
1099
1129
1159
1189
620
650
680
710
740
770
800
830
860
890
920
950
980
1010
1040
1070
1100
1130
1160
1190
621
651
681
711
741
771
801
831
861
891
921
951
981
1011
1041
1071
1101
1131
1161
1191
622
652
682
712
742
772
802
832
862
892
922
952
982
1012
1042
1072
1102
1132
1162
1192
623
653
683
713
743
773
803
833
863
893
923
953
983
1013
1043
1073
1103
1133
1163
1193
624
654
684
714
744
774
804
834
864
894
924
954
984
1014
1044
1074
1104
1134
1164
1194
625
655
685
715
745
775
805
835
865
895
925
955
985
1015
1045
1075
1105
1135
1165
1195
626
656
686
716
746
776
806
836
866
896
926
956
986
1016
1046
1076
1106
1136
1166
1196
627
657
687
717
747
777
807
837
867
897
927
957
987
1017
1047
1077
1107
1137
1167
1197
628
658
688
718
748
778
808
838
868
898
928
958
988
1018
1048
1078
1108
1138
1168
1198
629
659
689
719
749
779
809
839
869
899
929
959
989
1019
1049
1079
1109
1139
1169
1199
1200
1210
1220
1230
1240
1250
1260
1270
1280
1290
1300
1310
1320
1330
1340
1350
1360
1370
1380
1390
1209
1219
1229
1239
1249
1259
1269
1279
1289
1299
1309
1319
1329
1339
1349
1359
1369
1379
1389
1399
1390
1391
1392
1393
1394
1395
1396
1397
1398
1399
1200
1210
1220
1230
1240
1250
1260
1270
1280
1290
1300
1310
1320
1330
1340
1350
1360
1370
1380
1390
1201
1211
1221
1231
1241
1251
1261
1271
1281
1291
1301
1311
1321
1331
1341
1351
1361
1371
1381
1391
1202
1212
1222
1232
1242
1252
1262
1272
1282
1292
1302
1312
1322
1332
1342
1352
1362
1372
1382
1392
1203
1213
1223
1233
1243
1253
1263
1273
1283
1293
1303
1313
1323
1333
1343
1353
1363
1373
1383
1393
1204
1214
1224
1234
1244
1254
1264
1274
1284
1294
1304
1314
1324
1334
1344
1354
1364
1374
1384
1394
1205
1215
1225
1235
1245
1255
1265
1275
1285
1295
1305
1315
1325
1335
1345
1355
1365
1375
1385
1395
1206
1216
1226
1236
1246
1256
1266
1276
1286
1296
1306
1316
1326
1336
1346
1356
1366
1376
1386
1396
1207
1217
1227
1237
1247
1257
1267
1277
1287
1297
1307
1317
1327
1337
1347
1357
1367
1377
1387
1397
1208
1218
1228
1238
1248
1258
1268
1278
1288
1298
1308
1318
1328
1338
1348
1358
1368
1378
1388
1398
1209
1219
1229
1239
1249
1259
1269
1279
1289
1299
1309
1319
1329
1339
1349
1359
1369
1379
1389
1399
1200
1210
1220
1230
1240
1250
1260
1270
1280
1290
1300
1310
1320
1330
1340
1350
1360
1370
1380
1390
1201
1211
1221
1231
1241
1251
1261
1271
1281
1291
1301
1311
1321
1331
1341
1351
1361
1371
1381
1391
1202
1212
1222
1232
1242
1252
1262
1272
1282
1292
1302
1312
1322
1332
1342
1352
1362
1372
1382
1392
1203
1213
1223
1233
1243
1253
1263
1273
1283
1293
1303
1313
1323
1333
1343
1353
1363
1373
1383
1393
1204
1214
1224
1234
1244
1254
1264
1274
1284
1294
1304
1314
1324
1334
1344
1354
1364
1374
1384
1394
1205
1215
1225
1235
1245
1255
1265
1275
1285
1295
1305
1315
1325
1335
1345
1355
1365
1375
1385
1395
1206
1216
1226
1236
1246
1256
1266
1276
1286
1296
1306
1316
1326
1336
1346
1356
1366
1376
1386
1396
1207
1217
1227
1237
1247
1257
1267
1277
1287
1297
1307
1317
1327
1337
1347
1357
1367
1377
1387
1397
1208
1218
1228
1238
1248
1258
1268
1278
1288
1298
1308
1318
1328
1338
1348
1358
1368
1378
1388
1398
1209
1219
1229
1239
1249
1259
1269
1279
1289
1299
1309
1319
1329
1339
1349
1359
1369
1379
1389
1399
)


// ************************************************************************* //
