/*--------------------------------*- C++ -*----------------------------------*\
  =========                 |
  \\      /  F ield         | OpenFOAM: The Open Source CFD Toolbox
   \\    /   O peration     | Website:  https://openfoam.org
    \\  /    A nd           | Version:  11
     \\/     M anipulation  |
\*---------------------------------------------------------------------------*/
FoamFile
{
    format      ascii;
    class       vectorField;
    location    "constant/polyMesh";
    object      points;
}
// * * * * * * * * * * * * * * * * * * * * * * * * * * * * * * * * * * * * * //


3002
(
(0 0 0)
(0.0001 0 0)
(0.0002 0 0)
(0.0003 0 0)
(0.0004 0 0)
(0.0005 0 0)
(0.0006 0 0)
(0.0007 0 0)
(0.0008 0 0)
(0.0009 0 0)
(0.001 0 0)
(0.0011 0 0)
(0.0012 0 0)
(0.0013 0 0)
(0.0014 0 0)
(0.0015 0 0)
(0.0016 0 0)
(0.0017 0 0)
(0.0018 0 0)
(0.0019 0 0)
(0.002 0 0)
(0 0.0001 0)
(0.0001 0.0001 0)
(0.0002 0.0001 0)
(0.0003 0.0001 0)
(0.0004 0.0001 0)
(0.0005 0.0001 0)
(0.0006 0.0001 0)
(0.0007 0.0001 0)
(0.0008 0.0001 0)
(0.0009 0.0001 0)
(0.001 0.0001 0)
(0.0011 0.0001 0)
(0.0012 0.0001 0)
(0.0013 0.0001 0)
(0.0014 0.0001 0)
(0.0015 0.0001 0)
(0.0016 0.0001 0)
(0.0017 0.0001 0)
(0.0018 0.0001 0)
(0.0019 0.0001 0)
(0.002 0.0001 0)
(0 0.0002 0)
(0.0001 0.0002 0)
(0.0002 0.0002 0)
(0.0003 0.0002 0)
(0.0004 0.0002 0)
(0.0005 0.0002 0)
(0.0006 0.0002 0)
(0.0007 0.0002 0)
(0.0008 0.0002 0)
(0.0009 0.0002 0)
(0.001 0.0002 0)
(0.0011 0.0002 0)
(0.0012 0.0002 0)
(0.0013 0.0002 0)
(0.0014 0.0002 0)
(0.0015 0.0002 0)
(0.0016 0.0002 0)
(0.0017 0.0002 0)
(0.0018 0.0002 0)
(0.0019 0.0002 0)
(0.002 0.0002 0)
(0 0.0003 0)
(0.0001 0.0003 0)
(0.0002 0.0003 0)
(0.0003 0.0003 0)
(0.0004 0.0003 0)
(0.0005 0.0003 0)
(0.0006 0.0003 0)
(0.0007 0.0003 0)
(0.0008 0.0003 0)
(0.0009 0.0003 0)
(0.001 0.0003 0)
(0.0011 0.0003 0)
(0.0012 0.0003 0)
(0.0013 0.0003 0)
(0.0014 0.0003 0)
(0.0015 0.0003 0)
(0.0016 0.0003 0)
(0.0017 0.0003 0)
(0.0018 0.0003 0)
(0.0019 0.0003 0)
(0.002 0.0003 0)
(0 0.0004 0)
(0.0001 0.0004 0)
(0.0002 0.0004 0)
(0.0003 0.0004 0)
(0.0004 0.0004 0)
(0.0005 0.0004 0)
(0.0006 0.0004 0)
(0.0007 0.0004 0)
(0.0008 0.0004 0)
(0.0009 0.0004 0)
(0.001 0.0004 0)
(0.0011 0.0004 0)
(0.0012 0.0004 0)
(0.0013 0.0004 0)
(0.0014 0.0004 0)
(0.0015 0.0004 0)
(0.0016 0.0004 0)
(0.0017 0.0004 0)
(0.0018 0.0004 0)
(0.0019 0.0004 0)
(0.002 0.0004 0)
(0 0.0005 0)
(0.0001 0.0005 0)
(0.0002 0.0005 0)
(0.0003 0.0005 0)
(0.0004 0.0005 0)
(0.0005 0.0005 0)
(0.0006 0.0005 0)
(0.0007 0.0005 0)
(0.0008 0.0005 0)
(0.0009 0.0005 0)
(0.001 0.0005 0)
(0.0011 0.0005 0)
(0.0012 0.0005 0)
(0.0013 0.0005 0)
(0.0014 0.0005 0)
(0.0015 0.0005 0)
(0.0016 0.0005 0)
(0.0017 0.0005 0)
(0.0018 0.0005 0)
(0.0019 0.0005 0)
(0.002 0.0005 0)
(0 0.0006 0)
(0.0001 0.0006 0)
(0.0002 0.0006 0)
(0.0003 0.0006 0)
(0.0004 0.0006 0)
(0.0005 0.0006 0)
(0.0006 0.0006 0)
(0.0007 0.0006 0)
(0.0008 0.0006 0)
(0.0009 0.0006 0)
(0.001 0.0006 0)
(0.0011 0.0006 0)
(0.0012 0.0006 0)
(0.0013 0.0006 0)
(0.0014 0.0006 0)
(0.0015 0.0006 0)
(0.0016 0.0006 0)
(0.0017 0.0006 0)
(0.0018 0.0006 0)
(0.0019 0.0006 0)
(0.002 0.0006 0)
(0 0.0007 0)
(0.0001 0.0007 0)
(0.0002 0.0007 0)
(0.0003 0.0007 0)
(0.0004 0.0007 0)
(0.0005 0.0007 0)
(0.0006 0.0007 0)
(0.0007 0.0007 0)
(0.0008 0.0007 0)
(0.0009 0.0007 0)
(0.001 0.0007 0)
(0.0011 0.0007 0)
(0.0012 0.0007 0)
(0.0013 0.0007 0)
(0.0014 0.0007 0)
(0.0015 0.0007 0)
(0.0016 0.0007 0)
(0.0017 0.0007 0)
(0.0018 0.0007 0)
(0.0019 0.0007 0)
(0.002 0.0007 0)
(0 0.0008 0)
(0.0001 0.0008 0)
(0.0002 0.0008 0)
(0.0003 0.0008 0)
(0.0004 0.0008 0)
(0.0005 0.0008 0)
(0.0006 0.0008 0)
(0.0007 0.0008 0)
(0.0008 0.0008 0)
(0.0009 0.0008 0)
(0.001 0.0008 0)
(0.0011 0.0008 0)
(0.0012 0.0008 0)
(0.0013 0.0008 0)
(0.0014 0.0008 0)
(0.0015 0.0008 0)
(0.0016 0.0008 0)
(0.0017 0.0008 0)
(0.0018 0.0008 0)
(0.0019 0.0008 0)
(0.002 0.0008 0)
(0 0.0009 0)
(0.0001 0.0009 0)
(0.0002 0.0009 0)
(0.0003 0.0009 0)
(0.0004 0.0009 0)
(0.0005 0.0009 0)
(0.0006 0.0009 0)
(0.0007 0.0009 0)
(0.0008 0.0009 0)
(0.0009 0.0009 0)
(0.001 0.0009 0)
(0.0011 0.0009 0)
(0.0012 0.0009 0)
(0.0013 0.0009 0)
(0.0014 0.0009 0)
(0.0015 0.0009 0)
(0.0016 0.0009 0)
(0.0017 0.0009 0)
(0.0018 0.0009 0)
(0.0019 0.0009 0)
(0.002 0.0009 0)
(0 0.001 0)
(0.0001 0.001 0)
(0.0002 0.001 0)
(0.0003 0.001 0)
(0.0004 0.001 0)
(0.0005 0.001 0)
(0.0006 0.001 0)
(0.0007 0.001 0)
(0.0008 0.001 0)
(0.0009 0.001 0)
(0.001 0.001 0)
(0.0011 0.001 0)
(0.0012 0.001 0)
(0.0013 0.001 0)
(0.0014 0.001 0)
(0.0015 0.001 0)
(0.0016 0.001 0)
(0.0017 0.001 0)
(0.0018 0.001 0)
(0.0019 0.001 0)
(0.002 0.001 0)
(0 0.0011 0)
(0.0001 0.0011 0)
(0.0002 0.0011 0)
(0.0003 0.0011 0)
(0.0004 0.0011 0)
(0.0005 0.0011 0)
(0.0006 0.0011 0)
(0.0007 0.0011 0)
(0.0008 0.0011 0)
(0.0009 0.0011 0)
(0.001 0.0011 0)
(0.0011 0.0011 0)
(0.0012 0.0011 0)
(0.0013 0.0011 0)
(0.0014 0.0011 0)
(0.0015 0.0011 0)
(0.0016 0.0011 0)
(0.0017 0.0011 0)
(0.0018 0.0011 0)
(0.0019 0.0011 0)
(0.002 0.0011 0)
(0 0.0012 0)
(0.0001 0.0012 0)
(0.0002 0.0012 0)
(0.0003 0.0012 0)
(0.0004 0.0012 0)
(0.0005 0.0012 0)
(0.0006 0.0012 0)
(0.0007 0.0012 0)
(0.0008 0.0012 0)
(0.0009 0.0012 0)
(0.001 0.0012 0)
(0.0011 0.0012 0)
(0.0012 0.0012 0)
(0.0013 0.0012 0)
(0.0014 0.0012 0)
(0.0015 0.0012 0)
(0.0016 0.0012 0)
(0.0017 0.0012 0)
(0.0018 0.0012 0)
(0.0019 0.0012 0)
(0.002 0.0012 0)
(0 0.0013 0)
(0.0001 0.0013 0)
(0.0002 0.0013 0)
(0.0003 0.0013 0)
(0.0004 0.0013 0)
(0.0005 0.0013 0)
(0.0006 0.0013 0)
(0.0007 0.0013 0)
(0.0008 0.0013 0)
(0.0009 0.0013 0)
(0.001 0.0013 0)
(0.0011 0.0013 0)
(0.0012 0.0013 0)
(0.0013 0.0013 0)
(0.0014 0.0013 0)
(0.0015 0.0013 0)
(0.0016 0.0013 0)
(0.0017 0.0013 0)
(0.0018 0.0013 0)
(0.0019 0.0013 0)
(0.002 0.0013 0)
(0 0.0014 0)
(0.0001 0.0014 0)
(0.0002 0.0014 0)
(0.0003 0.0014 0)
(0.0004 0.0014 0)
(0.0005 0.0014 0)
(0.0006 0.0014 0)
(0.0007 0.0014 0)
(0.0008 0.0014 0)
(0.0009 0.0014 0)
(0.001 0.0014 0)
(0.0011 0.0014 0)
(0.0012 0.0014 0)
(0.0013 0.0014 0)
(0.0014 0.0014 0)
(0.0015 0.0014 0)
(0.0016 0.0014 0)
(0.0017 0.0014 0)
(0.0018 0.0014 0)
(0.0019 0.0014 0)
(0.002 0.0014 0)
(0 0.0015 0)
(0.0001 0.0015 0)
(0.0002 0.0015 0)
(0.0003 0.0015 0)
(0.0004 0.0015 0)
(0.0005 0.0015 0)
(0.0006 0.0015 0)
(0.0007 0.0015 0)
(0.0008 0.0015 0)
(0.0009 0.0015 0)
(0.001 0.0015 0)
(0.0011 0.0015 0)
(0.0012 0.0015 0)
(0.0013 0.0015 0)
(0.0014 0.0015 0)
(0.0015 0.0015 0)
(0.0016 0.0015 0)
(0.0017 0.0015 0)
(0.0018 0.0015 0)
(0.0019 0.0015 0)
(0.002 0.0015 0)
(0 0.0016 0)
(0.0001 0.0016 0)
(0.0002 0.0016 0)
(0.0003 0.0016 0)
(0.0004 0.0016 0)
(0.0005 0.0016 0)
(0.0006 0.0016 0)
(0.0007 0.0016 0)
(0.0008 0.0016 0)
(0.0009 0.0016 0)
(0.001 0.0016 0)
(0.0011 0.0016 0)
(0.0012 0.0016 0)
(0.0013 0.0016 0)
(0.0014 0.0016 0)
(0.0015 0.0016 0)
(0.0016 0.0016 0)
(0.0017 0.0016 0)
(0.0018 0.0016 0)
(0.0019 0.0016 0)
(0.002 0.0016 0)
(0 0.0017 0)
(0.0001 0.0017 0)
(0.0002 0.0017 0)
(0.0003 0.0017 0)
(0.0004 0.0017 0)
(0.0005 0.0017 0)
(0.0006 0.0017 0)
(0.0007 0.0017 0)
(0.0008 0.0017 0)
(0.0009 0.0017 0)
(0.001 0.0017 0)
(0.0011 0.0017 0)
(0.0012 0.0017 0)
(0.0013 0.0017 0)
(0.0014 0.0017 0)
(0.0015 0.0017 0)
(0.0016 0.0017 0)
(0.0017 0.0017 0)
(0.0018 0.0017 0)
(0.0019 0.0017 0)
(0.002 0.0017 0)
(0 0.0018 0)
(0.0001 0.0018 0)
(0.0002 0.0018 0)
(0.0003 0.0018 0)
(0.0004 0.0018 0)
(0.0005 0.0018 0)
(0.0006 0.0018 0)
(0.0007 0.0018 0)
(0.0008 0.0018 0)
(0.0009 0.0018 0)
(0.001 0.0018 0)
(0.0011 0.0018 0)
(0.0012 0.0018 0)
(0.0013 0.0018 0)
(0.0014 0.0018 0)
(0.0015 0.0018 0)
(0.0016 0.0018 0)
(0.0017 0.0018 0)
(0.0018 0.0018 0)
(0.0019 0.0018 0)
(0.002 0.0018 0)
(0 0.0019 0)
(0.0001 0.0019 0)
(0.0002 0.0019 0)
(0.0003 0.0019 0)
(0.0004 0.0019 0)
(0.0005 0.0019 0)
(0.0006 0.0019 0)
(0.0007 0.0019 0)
(0.0008 0.0019 0)
(0.0009 0.0019 0)
(0.001 0.0019 0)
(0.0011 0.0019 0)
(0.0012 0.0019 0)
(0.0013 0.0019 0)
(0.0014 0.0019 0)
(0.0015 0.0019 0)
(0.0016 0.0019 0)
(0.0017 0.0019 0)
(0.0018 0.0019 0)
(0.0019 0.0019 0)
(0.002 0.0019 0)
(0 0.002 0)
(0.0001 0.002 0)
(0.0002 0.002 0)
(0.0003 0.002 0)
(0.0004 0.002 0)
(0.0005 0.002 0)
(0.0006 0.002 0)
(0.0007 0.002 0)
(0.0008 0.002 0)
(0.0009 0.002 0)
(0.001 0.002 0)
(0.0011 0.002 0)
(0.0012 0.002 0)
(0.0013 0.002 0)
(0.0014 0.002 0)
(0.0015 0.002 0)
(0.0016 0.002 0)
(0.0017 0.002 0)
(0.0018 0.002 0)
(0.0019 0.002 0)
(0.002 0.002 0)
(0 0 0.001)
(0.0001 0 0.001)
(0.0002 0 0.001)
(0.0003 0 0.001)
(0.0004 0 0.001)
(0.0005 0 0.001)
(0.0006 0 0.001)
(0.0007 0 0.001)
(0.0008 0 0.001)
(0.0009 0 0.001)
(0.001 0 0.001)
(0.0011 0 0.001)
(0.0012 0 0.001)
(0.0013 0 0.001)
(0.0014 0 0.001)
(0.0015 0 0.001)
(0.0016 0 0.001)
(0.0017 0 0.001)
(0.0018 0 0.001)
(0.0019 0 0.001)
(0.002 0 0.001)
(0 0.0001 0.001)
(0.0001 0.0001 0.001)
(0.0002 0.0001 0.001)
(0.0003 0.0001 0.001)
(0.0004 0.0001 0.001)
(0.0005 0.0001 0.001)
(0.0006 0.0001 0.001)
(0.0007 0.0001 0.001)
(0.0008 0.0001 0.001)
(0.0009 0.0001 0.001)
(0.001 0.0001 0.001)
(0.0011 0.0001 0.001)
(0.0012 0.0001 0.001)
(0.0013 0.0001 0.001)
(0.0014 0.0001 0.001)
(0.0015 0.0001 0.001)
(0.0016 0.0001 0.001)
(0.0017 0.0001 0.001)
(0.0018 0.0001 0.001)
(0.0019 0.0001 0.001)
(0.002 0.0001 0.001)
(0 0.0002 0.001)
(0.0001 0.0002 0.001)
(0.0002 0.0002 0.001)
(0.0003 0.0002 0.001)
(0.0004 0.0002 0.001)
(0.0005 0.0002 0.001)
(0.0006 0.0002 0.001)
(0.0007 0.0002 0.001)
(0.0008 0.0002 0.001)
(0.0009 0.0002 0.001)
(0.001 0.0002 0.001)
(0.0011 0.0002 0.001)
(0.0012 0.0002 0.001)
(0.0013 0.0002 0.001)
(0.0014 0.0002 0.001)
(0.0015 0.0002 0.001)
(0.0016 0.0002 0.001)
(0.0017 0.0002 0.001)
(0.0018 0.0002 0.001)
(0.0019 0.0002 0.001)
(0.002 0.0002 0.001)
(0 0.0003 0.001)
(0.0001 0.0003 0.001)
(0.0002 0.0003 0.001)
(0.0003 0.0003 0.001)
(0.0004 0.0003 0.001)
(0.0005 0.0003 0.001)
(0.0006 0.0003 0.001)
(0.0007 0.0003 0.001)
(0.0008 0.0003 0.001)
(0.0009 0.0003 0.001)
(0.001 0.0003 0.001)
(0.0011 0.0003 0.001)
(0.0012 0.0003 0.001)
(0.0013 0.0003 0.001)
(0.0014 0.0003 0.001)
(0.0015 0.0003 0.001)
(0.0016 0.0003 0.001)
(0.0017 0.0003 0.001)
(0.0018 0.0003 0.001)
(0.0019 0.0003 0.001)
(0.002 0.0003 0.001)
(0 0.0004 0.001)
(0.0001 0.0004 0.001)
(0.0002 0.0004 0.001)
(0.0003 0.0004 0.001)
(0.0004 0.0004 0.001)
(0.0005 0.0004 0.001)
(0.0006 0.0004 0.001)
(0.0007 0.0004 0.001)
(0.0008 0.0004 0.001)
(0.0009 0.0004 0.001)
(0.001 0.0004 0.001)
(0.0011 0.0004 0.001)
(0.0012 0.0004 0.001)
(0.0013 0.0004 0.001)
(0.0014 0.0004 0.001)
(0.0015 0.0004 0.001)
(0.0016 0.0004 0.001)
(0.0017 0.0004 0.001)
(0.0018 0.0004 0.001)
(0.0019 0.0004 0.001)
(0.002 0.0004 0.001)
(0 0.0005 0.001)
(0.0001 0.0005 0.001)
(0.0002 0.0005 0.001)
(0.0003 0.0005 0.001)
(0.0004 0.0005 0.001)
(0.0005 0.0005 0.001)
(0.0006 0.0005 0.001)
(0.0007 0.0005 0.001)
(0.0008 0.0005 0.001)
(0.0009 0.0005 0.001)
(0.001 0.0005 0.001)
(0.0011 0.0005 0.001)
(0.0012 0.0005 0.001)
(0.0013 0.0005 0.001)
(0.0014 0.0005 0.001)
(0.0015 0.0005 0.001)
(0.0016 0.0005 0.001)
(0.0017 0.0005 0.001)
(0.0018 0.0005 0.001)
(0.0019 0.0005 0.001)
(0.002 0.0005 0.001)
(0 0.0006 0.001)
(0.0001 0.0006 0.001)
(0.0002 0.0006 0.001)
(0.0003 0.0006 0.001)
(0.0004 0.0006 0.001)
(0.0005 0.0006 0.001)
(0.0006 0.0006 0.001)
(0.0007 0.0006 0.001)
(0.0008 0.0006 0.001)
(0.0009 0.0006 0.001)
(0.001 0.0006 0.001)
(0.0011 0.0006 0.001)
(0.0012 0.0006 0.001)
(0.0013 0.0006 0.001)
(0.0014 0.0006 0.001)
(0.0015 0.0006 0.001)
(0.0016 0.0006 0.001)
(0.0017 0.0006 0.001)
(0.0018 0.0006 0.001)
(0.0019 0.0006 0.001)
(0.002 0.0006 0.001)
(0 0.0007 0.001)
(0.0001 0.0007 0.001)
(0.0002 0.0007 0.001)
(0.0003 0.0007 0.001)
(0.0004 0.0007 0.001)
(0.0005 0.0007 0.001)
(0.0006 0.0007 0.001)
(0.0007 0.0007 0.001)
(0.0008 0.0007 0.001)
(0.0009 0.0007 0.001)
(0.001 0.0007 0.001)
(0.0011 0.0007 0.001)
(0.0012 0.0007 0.001)
(0.0013 0.0007 0.001)
(0.0014 0.0007 0.001)
(0.0015 0.0007 0.001)
(0.0016 0.0007 0.001)
(0.0017 0.0007 0.001)
(0.0018 0.0007 0.001)
(0.0019 0.0007 0.001)
(0.002 0.0007 0.001)
(0 0.0008 0.001)
(0.0001 0.0008 0.001)
(0.0002 0.0008 0.001)
(0.0003 0.0008 0.001)
(0.0004 0.0008 0.001)
(0.0005 0.0008 0.001)
(0.0006 0.0008 0.001)
(0.0007 0.0008 0.001)
(0.0008 0.0008 0.001)
(0.0009 0.0008 0.001)
(0.001 0.0008 0.001)
(0.0011 0.0008 0.001)
(0.0012 0.0008 0.001)
(0.0013 0.0008 0.001)
(0.0014 0.0008 0.001)
(0.0015 0.0008 0.001)
(0.0016 0.0008 0.001)
(0.0017 0.0008 0.001)
(0.0018 0.0008 0.001)
(0.0019 0.0008 0.001)
(0.002 0.0008 0.001)
(0 0.0009 0.001)
(0.0001 0.0009 0.001)
(0.0002 0.0009 0.001)
(0.0003 0.0009 0.001)
(0.0004 0.0009 0.001)
(0.0005 0.0009 0.001)
(0.0006 0.0009 0.001)
(0.0007 0.0009 0.001)
(0.0008 0.0009 0.001)
(0.0009 0.0009 0.001)
(0.001 0.0009 0.001)
(0.0011 0.0009 0.001)
(0.0012 0.0009 0.001)
(0.0013 0.0009 0.001)
(0.0014 0.0009 0.001)
(0.0015 0.0009 0.001)
(0.0016 0.0009 0.001)
(0.0017 0.0009 0.001)
(0.0018 0.0009 0.001)
(0.0019 0.0009 0.001)
(0.002 0.0009 0.001)
(0 0.001 0.001)
(0.0001 0.001 0.001)
(0.0002 0.001 0.001)
(0.0003 0.001 0.001)
(0.0004 0.001 0.001)
(0.0005 0.001 0.001)
(0.0006 0.001 0.001)
(0.0007 0.001 0.001)
(0.0008 0.001 0.001)
(0.0009 0.001 0.001)
(0.001 0.001 0.001)
(0.0011 0.001 0.001)
(0.0012 0.001 0.001)
(0.0013 0.001 0.001)
(0.0014 0.001 0.001)
(0.0015 0.001 0.001)
(0.0016 0.001 0.001)
(0.0017 0.001 0.001)
(0.0018 0.001 0.001)
(0.0019 0.001 0.001)
(0.002 0.001 0.001)
(0 0.0011 0.001)
(0.0001 0.0011 0.001)
(0.0002 0.0011 0.001)
(0.0003 0.0011 0.001)
(0.0004 0.0011 0.001)
(0.0005 0.0011 0.001)
(0.0006 0.0011 0.001)
(0.0007 0.0011 0.001)
(0.0008 0.0011 0.001)
(0.0009 0.0011 0.001)
(0.001 0.0011 0.001)
(0.0011 0.0011 0.001)
(0.0012 0.0011 0.001)
(0.0013 0.0011 0.001)
(0.0014 0.0011 0.001)
(0.0015 0.0011 0.001)
(0.0016 0.0011 0.001)
(0.0017 0.0011 0.001)
(0.0018 0.0011 0.001)
(0.0019 0.0011 0.001)
(0.002 0.0011 0.001)
(0 0.0012 0.001)
(0.0001 0.0012 0.001)
(0.0002 0.0012 0.001)
(0.0003 0.0012 0.001)
(0.0004 0.0012 0.001)
(0.0005 0.0012 0.001)
(0.0006 0.0012 0.001)
(0.0007 0.0012 0.001)
(0.0008 0.0012 0.001)
(0.0009 0.0012 0.001)
(0.001 0.0012 0.001)
(0.0011 0.0012 0.001)
(0.0012 0.0012 0.001)
(0.0013 0.0012 0.001)
(0.0014 0.0012 0.001)
(0.0015 0.0012 0.001)
(0.0016 0.0012 0.001)
(0.0017 0.0012 0.001)
(0.0018 0.0012 0.001)
(0.0019 0.0012 0.001)
(0.002 0.0012 0.001)
(0 0.0013 0.001)
(0.0001 0.0013 0.001)
(0.0002 0.0013 0.001)
(0.0003 0.0013 0.001)
(0.0004 0.0013 0.001)
(0.0005 0.0013 0.001)
(0.0006 0.0013 0.001)
(0.0007 0.0013 0.001)
(0.0008 0.0013 0.001)
(0.0009 0.0013 0.001)
(0.001 0.0013 0.001)
(0.0011 0.0013 0.001)
(0.0012 0.0013 0.001)
(0.0013 0.0013 0.001)
(0.0014 0.0013 0.001)
(0.0015 0.0013 0.001)
(0.0016 0.0013 0.001)
(0.0017 0.0013 0.001)
(0.0018 0.0013 0.001)
(0.0019 0.0013 0.001)
(0.002 0.0013 0.001)
(0 0.0014 0.001)
(0.0001 0.0014 0.001)
(0.0002 0.0014 0.001)
(0.0003 0.0014 0.001)
(0.0004 0.0014 0.001)
(0.0005 0.0014 0.001)
(0.0006 0.0014 0.001)
(0.0007 0.0014 0.001)
(0.0008 0.0014 0.001)
(0.0009 0.0014 0.001)
(0.001 0.0014 0.001)
(0.0011 0.0014 0.001)
(0.0012 0.0014 0.001)
(0.0013 0.0014 0.001)
(0.0014 0.0014 0.001)
(0.0015 0.0014 0.001)
(0.0016 0.0014 0.001)
(0.0017 0.0014 0.001)
(0.0018 0.0014 0.001)
(0.0019 0.0014 0.001)
(0.002 0.0014 0.001)
(0 0.0015 0.001)
(0.0001 0.0015 0.001)
(0.0002 0.0015 0.001)
(0.0003 0.0015 0.001)
(0.0004 0.0015 0.001)
(0.0005 0.0015 0.001)
(0.0006 0.0015 0.001)
(0.0007 0.0015 0.001)
(0.0008 0.0015 0.001)
(0.0009 0.0015 0.001)
(0.001 0.0015 0.001)
(0.0011 0.0015 0.001)
(0.0012 0.0015 0.001)
(0.0013 0.0015 0.001)
(0.0014 0.0015 0.001)
(0.0015 0.0015 0.001)
(0.0016 0.0015 0.001)
(0.0017 0.0015 0.001)
(0.0018 0.0015 0.001)
(0.0019 0.0015 0.001)
(0.002 0.0015 0.001)
(0 0.0016 0.001)
(0.0001 0.0016 0.001)
(0.0002 0.0016 0.001)
(0.0003 0.0016 0.001)
(0.0004 0.0016 0.001)
(0.0005 0.0016 0.001)
(0.0006 0.0016 0.001)
(0.0007 0.0016 0.001)
(0.0008 0.0016 0.001)
(0.0009 0.0016 0.001)
(0.001 0.0016 0.001)
(0.0011 0.0016 0.001)
(0.0012 0.0016 0.001)
(0.0013 0.0016 0.001)
(0.0014 0.0016 0.001)
(0.0015 0.0016 0.001)
(0.0016 0.0016 0.001)
(0.0017 0.0016 0.001)
(0.0018 0.0016 0.001)
(0.0019 0.0016 0.001)
(0.002 0.0016 0.001)
(0 0.0017 0.001)
(0.0001 0.0017 0.001)
(0.0002 0.0017 0.001)
(0.0003 0.0017 0.001)
(0.0004 0.0017 0.001)
(0.0005 0.0017 0.001)
(0.0006 0.0017 0.001)
(0.0007 0.0017 0.001)
(0.0008 0.0017 0.001)
(0.0009 0.0017 0.001)
(0.001 0.0017 0.001)
(0.0011 0.0017 0.001)
(0.0012 0.0017 0.001)
(0.0013 0.0017 0.001)
(0.0014 0.0017 0.001)
(0.0015 0.0017 0.001)
(0.0016 0.0017 0.001)
(0.0017 0.0017 0.001)
(0.0018 0.0017 0.001)
(0.0019 0.0017 0.001)
(0.002 0.0017 0.001)
(0 0.0018 0.001)
(0.0001 0.0018 0.001)
(0.0002 0.0018 0.001)
(0.0003 0.0018 0.001)
(0.0004 0.0018 0.001)
(0.0005 0.0018 0.001)
(0.0006 0.0018 0.001)
(0.0007 0.0018 0.001)
(0.0008 0.0018 0.001)
(0.0009 0.0018 0.001)
(0.001 0.0018 0.001)
(0.0011 0.0018 0.001)
(0.0012 0.0018 0.001)
(0.0013 0.0018 0.001)
(0.0014 0.0018 0.001)
(0.0015 0.0018 0.001)
(0.0016 0.0018 0.001)
(0.0017 0.0018 0.001)
(0.0018 0.0018 0.001)
(0.0019 0.0018 0.001)
(0.002 0.0018 0.001)
(0 0.0019 0.001)
(0.0001 0.0019 0.001)
(0.0002 0.0019 0.001)
(0.0003 0.0019 0.001)
(0.0004 0.0019 0.001)
(0.0005 0.0019 0.001)
(0.0006 0.0019 0.001)
(0.0007 0.0019 0.001)
(0.0008 0.0019 0.001)
(0.0009 0.0019 0.001)
(0.001 0.0019 0.001)
(0.0011 0.0019 0.001)
(0.0012 0.0019 0.001)
(0.0013 0.0019 0.001)
(0.0014 0.0019 0.001)
(0.0015 0.0019 0.001)
(0.0016 0.0019 0.001)
(0.0017 0.0019 0.001)
(0.0018 0.0019 0.001)
(0.0019 0.0019 0.001)
(0.002 0.0019 0.001)
(0 0.002 0.001)
(0.0001 0.002 0.001)
(0.0002 0.002 0.001)
(0.0003 0.002 0.001)
(0.0004 0.002 0.001)
(0.0005 0.002 0.001)
(0.0006 0.002 0.001)
(0.0007 0.002 0.001)
(0.0008 0.002 0.001)
(0.0009 0.002 0.001)
(0.001 0.002 0.001)
(0.0011 0.002 0.001)
(0.0012 0.002 0.001)
(0.0013 0.002 0.001)
(0.0014 0.002 0.001)
(0.0015 0.002 0.001)
(0.0016 0.002 0.001)
(0.0017 0.002 0.001)
(0.0018 0.002 0.001)
(0.0019 0.002 0.001)
(0.002 0.002 0.001)
(0.0021 0 0)
(0.0022 0 0)
(0.0023 0 0)
(0.0024 0 0)
(0.0025 0 0)
(0.0026 0 0)
(0.0027 0 0)
(0.0028 0 0)
(0.0029 0 0)
(0.003 0 0)
(0.0021 0.0001 0)
(0.0022 0.0001 0)
(0.0023 0.0001 0)
(0.0024 0.0001 0)
(0.0025 0.0001 0)
(0.0026 0.0001 0)
(0.0027 0.0001 0)
(0.0028 0.0001 0)
(0.0029 0.0001 0)
(0.003 0.0001 0)
(0.0021 0.0002 0)
(0.0022 0.0002 0)
(0.0023 0.0002 0)
(0.0024 0.0002 0)
(0.0025 0.0002 0)
(0.0026 0.0002 0)
(0.0027 0.0002 0)
(0.0028 0.0002 0)
(0.0029 0.0002 0)
(0.003 0.0002 0)
(0.0021 0.0003 0)
(0.0022 0.0003 0)
(0.0023 0.0003 0)
(0.0024 0.0003 0)
(0.0025 0.0003 0)
(0.0026 0.0003 0)
(0.0027 0.0003 0)
(0.0028 0.0003 0)
(0.0029 0.0003 0)
(0.003 0.0003 0)
(0.0021 0.0004 0)
(0.0022 0.0004 0)
(0.0023 0.0004 0)
(0.0024 0.0004 0)
(0.0025 0.0004 0)
(0.0026 0.0004 0)
(0.0027 0.0004 0)
(0.0028 0.0004 0)
(0.0029 0.0004 0)
(0.003 0.0004 0)
(0.0021 0.0005 0)
(0.0022 0.0005 0)
(0.0023 0.0005 0)
(0.0024 0.0005 0)
(0.0025 0.0005 0)
(0.0026 0.0005 0)
(0.0027 0.0005 0)
(0.0028 0.0005 0)
(0.0029 0.0005 0)
(0.003 0.0005 0)
(0.0021 0.0006 0)
(0.0022 0.0006 0)
(0.0023 0.0006 0)
(0.0024 0.0006 0)
(0.0025 0.0006 0)
(0.0026 0.0006 0)
(0.0027 0.0006 0)
(0.0028 0.0006 0)
(0.0029 0.0006 0)
(0.003 0.0006 0)
(0.0021 0.0007 0)
(0.0022 0.0007 0)
(0.0023 0.0007 0)
(0.0024 0.0007 0)
(0.0025 0.0007 0)
(0.0026 0.0007 0)
(0.0027 0.0007 0)
(0.0028 0.0007 0)
(0.0029 0.0007 0)
(0.003 0.0007 0)
(0.0021 0.0008 0)
(0.0022 0.0008 0)
(0.0023 0.0008 0)
(0.0024 0.0008 0)
(0.0025 0.0008 0)
(0.0026 0.0008 0)
(0.0027 0.0008 0)
(0.0028 0.0008 0)
(0.0029 0.0008 0)
(0.003 0.0008 0)
(0.0021 0.0009 0)
(0.0022 0.0009 0)
(0.0023 0.0009 0)
(0.0024 0.0009 0)
(0.0025 0.0009 0)
(0.0026 0.0009 0)
(0.0027 0.0009 0)
(0.0028 0.0009 0)
(0.0029 0.0009 0)
(0.003 0.0009 0)
(0.0021 0.001 0)
(0.0022 0.001 0)
(0.0023 0.001 0)
(0.0024 0.001 0)
(0.0025 0.001 0)
(0.0026 0.001 0)
(0.0027 0.001 0)
(0.0028 0.001 0)
(0.0029 0.001 0)
(0.003 0.001 0)
(0.0021 0.0011 0)
(0.0022 0.0011 0)
(0.0023 0.0011 0)
(0.0024 0.0011 0)
(0.0025 0.0011 0)
(0.0026 0.0011 0)
(0.0027 0.0011 0)
(0.0028 0.0011 0)
(0.0029 0.0011 0)
(0.003 0.0011 0)
(0.0021 0.0012 0)
(0.0022 0.0012 0)
(0.0023 0.0012 0)
(0.0024 0.0012 0)
(0.0025 0.0012 0)
(0.0026 0.0012 0)
(0.0027 0.0012 0)
(0.0028 0.0012 0)
(0.0029 0.0012 0)
(0.003 0.0012 0)
(0.0021 0.0013 0)
(0.0022 0.0013 0)
(0.0023 0.0013 0)
(0.0024 0.0013 0)
(0.0025 0.0013 0)
(0.0026 0.0013 0)
(0.0027 0.0013 0)
(0.0028 0.0013 0)
(0.0029 0.0013 0)
(0.003 0.0013 0)
(0.0021 0.0014 0)
(0.0022 0.0014 0)
(0.0023 0.0014 0)
(0.0024 0.0014 0)
(0.0025 0.0014 0)
(0.0026 0.0014 0)
(0.0027 0.0014 0)
(0.0028 0.0014 0)
(0.0029 0.0014 0)
(0.003 0.0014 0)
(0.0021 0.0015 0)
(0.0022 0.0015 0)
(0.0023 0.0015 0)
(0.0024 0.0015 0)
(0.0025 0.0015 0)
(0.0026 0.0015 0)
(0.0027 0.0015 0)
(0.0028 0.0015 0)
(0.0029 0.0015 0)
(0.003 0.0015 0)
(0.0021 0.0016 0)
(0.0022 0.0016 0)
(0.0023 0.0016 0)
(0.0024 0.0016 0)
(0.0025 0.0016 0)
(0.0026 0.0016 0)
(0.0027 0.0016 0)
(0.0028 0.0016 0)
(0.0029 0.0016 0)
(0.003 0.0016 0)
(0.0021 0.0017 0)
(0.0022 0.0017 0)
(0.0023 0.0017 0)
(0.0024 0.0017 0)
(0.0025 0.0017 0)
(0.0026 0.0017 0)
(0.0027 0.0017 0)
(0.0028 0.0017 0)
(0.0029 0.0017 0)
(0.003 0.0017 0)
(0.0021 0.0018 0)
(0.0022 0.0018 0)
(0.0023 0.0018 0)
(0.0024 0.0018 0)
(0.0025 0.0018 0)
(0.0026 0.0018 0)
(0.0027 0.0018 0)
(0.0028 0.0018 0)
(0.0029 0.0018 0)
(0.003 0.0018 0)
(0.0021 0.0019 0)
(0.0022 0.0019 0)
(0.0023 0.0019 0)
(0.0024 0.0019 0)
(0.0025 0.0019 0)
(0.0026 0.0019 0)
(0.0027 0.0019 0)
(0.0028 0.0019 0)
(0.0029 0.0019 0)
(0.003 0.0019 0)
(0.0021 0.002 0)
(0.0022 0.002 0)
(0.0023 0.002 0)
(0.0024 0.002 0)
(0.0025 0.002 0)
(0.0026 0.002 0)
(0.0027 0.002 0)
(0.0028 0.002 0)
(0.0029 0.002 0)
(0.003 0.002 0)
(0.0021 0 0.001)
(0.0022 0 0.001)
(0.0023 0 0.001)
(0.0024 0 0.001)
(0.0025 0 0.001)
(0.0026 0 0.001)
(0.0027 0 0.001)
(0.0028 0 0.001)
(0.0029 0 0.001)
(0.003 0 0.001)
(0.0021 0.0001 0.001)
(0.0022 0.0001 0.001)
(0.0023 0.0001 0.001)
(0.0024 0.0001 0.001)
(0.0025 0.0001 0.001)
(0.0026 0.0001 0.001)
(0.0027 0.0001 0.001)
(0.0028 0.0001 0.001)
(0.0029 0.0001 0.001)
(0.003 0.0001 0.001)
(0.0021 0.0002 0.001)
(0.0022 0.0002 0.001)
(0.0023 0.0002 0.001)
(0.0024 0.0002 0.001)
(0.0025 0.0002 0.001)
(0.0026 0.0002 0.001)
(0.0027 0.0002 0.001)
(0.0028 0.0002 0.001)
(0.0029 0.0002 0.001)
(0.003 0.0002 0.001)
(0.0021 0.0003 0.001)
(0.0022 0.0003 0.001)
(0.0023 0.0003 0.001)
(0.0024 0.0003 0.001)
(0.0025 0.0003 0.001)
(0.0026 0.0003 0.001)
(0.0027 0.0003 0.001)
(0.0028 0.0003 0.001)
(0.0029 0.0003 0.001)
(0.003 0.0003 0.001)
(0.0021 0.0004 0.001)
(0.0022 0.0004 0.001)
(0.0023 0.0004 0.001)
(0.0024 0.0004 0.001)
(0.0025 0.0004 0.001)
(0.0026 0.0004 0.001)
(0.0027 0.0004 0.001)
(0.0028 0.0004 0.001)
(0.0029 0.0004 0.001)
(0.003 0.0004 0.001)
(0.0021 0.0005 0.001)
(0.0022 0.0005 0.001)
(0.0023 0.0005 0.001)
(0.0024 0.0005 0.001)
(0.0025 0.0005 0.001)
(0.0026 0.0005 0.001)
(0.0027 0.0005 0.001)
(0.0028 0.0005 0.001)
(0.0029 0.0005 0.001)
(0.003 0.0005 0.001)
(0.0021 0.0006 0.001)
(0.0022 0.0006 0.001)
(0.0023 0.0006 0.001)
(0.0024 0.0006 0.001)
(0.0025 0.0006 0.001)
(0.0026 0.0006 0.001)
(0.0027 0.0006 0.001)
(0.0028 0.0006 0.001)
(0.0029 0.0006 0.001)
(0.003 0.0006 0.001)
(0.0021 0.0007 0.001)
(0.0022 0.0007 0.001)
(0.0023 0.0007 0.001)
(0.0024 0.0007 0.001)
(0.0025 0.0007 0.001)
(0.0026 0.0007 0.001)
(0.0027 0.0007 0.001)
(0.0028 0.0007 0.001)
(0.0029 0.0007 0.001)
(0.003 0.0007 0.001)
(0.0021 0.0008 0.001)
(0.0022 0.0008 0.001)
(0.0023 0.0008 0.001)
(0.0024 0.0008 0.001)
(0.0025 0.0008 0.001)
(0.0026 0.0008 0.001)
(0.0027 0.0008 0.001)
(0.0028 0.0008 0.001)
(0.0029 0.0008 0.001)
(0.003 0.0008 0.001)
(0.0021 0.0009 0.001)
(0.0022 0.0009 0.001)
(0.0023 0.0009 0.001)
(0.0024 0.0009 0.001)
(0.0025 0.0009 0.001)
(0.0026 0.0009 0.001)
(0.0027 0.0009 0.001)
(0.0028 0.0009 0.001)
(0.0029 0.0009 0.001)
(0.003 0.0009 0.001)
(0.0021 0.001 0.001)
(0.0022 0.001 0.001)
(0.0023 0.001 0.001)
(0.0024 0.001 0.001)
(0.0025 0.001 0.001)
(0.0026 0.001 0.001)
(0.0027 0.001 0.001)
(0.0028 0.001 0.001)
(0.0029 0.001 0.001)
(0.003 0.001 0.001)
(0.0021 0.0011 0.001)
(0.0022 0.0011 0.001)
(0.0023 0.0011 0.001)
(0.0024 0.0011 0.001)
(0.0025 0.0011 0.001)
(0.0026 0.0011 0.001)
(0.0027 0.0011 0.001)
(0.0028 0.0011 0.001)
(0.0029 0.0011 0.001)
(0.003 0.0011 0.001)
(0.0021 0.0012 0.001)
(0.0022 0.0012 0.001)
(0.0023 0.0012 0.001)
(0.0024 0.0012 0.001)
(0.0025 0.0012 0.001)
(0.0026 0.0012 0.001)
(0.0027 0.0012 0.001)
(0.0028 0.0012 0.001)
(0.0029 0.0012 0.001)
(0.003 0.0012 0.001)
(0.0021 0.0013 0.001)
(0.0022 0.0013 0.001)
(0.0023 0.0013 0.001)
(0.0024 0.0013 0.001)
(0.0025 0.0013 0.001)
(0.0026 0.0013 0.001)
(0.0027 0.0013 0.001)
(0.0028 0.0013 0.001)
(0.0029 0.0013 0.001)
(0.003 0.0013 0.001)
(0.0021 0.0014 0.001)
(0.0022 0.0014 0.001)
(0.0023 0.0014 0.001)
(0.0024 0.0014 0.001)
(0.0025 0.0014 0.001)
(0.0026 0.0014 0.001)
(0.0027 0.0014 0.001)
(0.0028 0.0014 0.001)
(0.0029 0.0014 0.001)
(0.003 0.0014 0.001)
(0.0021 0.0015 0.001)
(0.0022 0.0015 0.001)
(0.0023 0.0015 0.001)
(0.0024 0.0015 0.001)
(0.0025 0.0015 0.001)
(0.0026 0.0015 0.001)
(0.0027 0.0015 0.001)
(0.0028 0.0015 0.001)
(0.0029 0.0015 0.001)
(0.003 0.0015 0.001)
(0.0021 0.0016 0.001)
(0.0022 0.0016 0.001)
(0.0023 0.0016 0.001)
(0.0024 0.0016 0.001)
(0.0025 0.0016 0.001)
(0.0026 0.0016 0.001)
(0.0027 0.0016 0.001)
(0.0028 0.0016 0.001)
(0.0029 0.0016 0.001)
(0.003 0.0016 0.001)
(0.0021 0.0017 0.001)
(0.0022 0.0017 0.001)
(0.0023 0.0017 0.001)
(0.0024 0.0017 0.001)
(0.0025 0.0017 0.001)
(0.0026 0.0017 0.001)
(0.0027 0.0017 0.001)
(0.0028 0.0017 0.001)
(0.0029 0.0017 0.001)
(0.003 0.0017 0.001)
(0.0021 0.0018 0.001)
(0.0022 0.0018 0.001)
(0.0023 0.0018 0.001)
(0.0024 0.0018 0.001)
(0.0025 0.0018 0.001)
(0.0026 0.0018 0.001)
(0.0027 0.0018 0.001)
(0.0028 0.0018 0.001)
(0.0029 0.0018 0.001)
(0.003 0.0018 0.001)
(0.0021 0.0019 0.001)
(0.0022 0.0019 0.001)
(0.0023 0.0019 0.001)
(0.0024 0.0019 0.001)
(0.0025 0.0019 0.001)
(0.0026 0.0019 0.001)
(0.0027 0.0019 0.001)
(0.0028 0.0019 0.001)
(0.0029 0.0019 0.001)
(0.003 0.0019 0.001)
(0.0021 0.002 0.001)
(0.0022 0.002 0.001)
(0.0023 0.002 0.001)
(0.0024 0.002 0.001)
(0.0025 0.002 0.001)
(0.0026 0.002 0.001)
(0.0027 0.002 0.001)
(0.0028 0.002 0.001)
(0.0029 0.002 0.001)
(0.003 0.002 0.001)
(0.003033333333 0 0)
(0.003066666667 0 0)
(0.0031 0 0)
(0.003133333333 0 0)
(0.003166666667 0 0)
(0.0032 0 0)
(0.003233333333 0 0)
(0.003266666667 0 0)
(0.0033 0 0)
(0.003333333333 0 0)
(0.003366666667 0 0)
(0.0034 0 0)
(0.003433333333 0 0)
(0.003466666667 0 0)
(0.0035 0 0)
(0.003533333333 0 0)
(0.003566666667 0 0)
(0.0036 0 0)
(0.003633333333 0 0)
(0.003666666667 0 0)
(0.0037 0 0)
(0.003733333333 0 0)
(0.003766666667 0 0)
(0.0038 0 0)
(0.003833333333 0 0)
(0.003866666667 0 0)
(0.0039 0 0)
(0.003933333333 0 0)
(0.003966666667 0 0)
(0.004 0 0)
(0.003033333333 0.0001 0)
(0.003066666667 0.0001 0)
(0.0031 0.0001 0)
(0.003133333333 0.0001 0)
(0.003166666667 0.0001 0)
(0.0032 0.0001 0)
(0.003233333333 0.0001 0)
(0.003266666667 0.0001 0)
(0.0033 0.0001 0)
(0.003333333333 0.0001 0)
(0.003366666667 0.0001 0)
(0.0034 0.0001 0)
(0.003433333333 0.0001 0)
(0.003466666667 0.0001 0)
(0.0035 0.0001 0)
(0.003533333333 0.0001 0)
(0.003566666667 0.0001 0)
(0.0036 0.0001 0)
(0.003633333333 0.0001 0)
(0.003666666667 0.0001 0)
(0.0037 0.0001 0)
(0.003733333333 0.0001 0)
(0.003766666667 0.0001 0)
(0.0038 0.0001 0)
(0.003833333333 0.0001 0)
(0.003866666667 0.0001 0)
(0.0039 0.0001 0)
(0.003933333333 0.0001 0)
(0.003966666667 0.0001 0)
(0.004 0.0001 0)
(0.003033333333 0.0002 0)
(0.003066666667 0.0002 0)
(0.0031 0.0002 0)
(0.003133333333 0.0002 0)
(0.003166666667 0.0002 0)
(0.0032 0.0002 0)
(0.003233333333 0.0002 0)
(0.003266666667 0.0002 0)
(0.0033 0.0002 0)
(0.003333333333 0.0002 0)
(0.003366666667 0.0002 0)
(0.0034 0.0002 0)
(0.003433333333 0.0002 0)
(0.003466666667 0.0002 0)
(0.0035 0.0002 0)
(0.003533333333 0.0002 0)
(0.003566666667 0.0002 0)
(0.0036 0.0002 0)
(0.003633333333 0.0002 0)
(0.003666666667 0.0002 0)
(0.0037 0.0002 0)
(0.003733333333 0.0002 0)
(0.003766666667 0.0002 0)
(0.0038 0.0002 0)
(0.003833333333 0.0002 0)
(0.003866666667 0.0002 0)
(0.0039 0.0002 0)
(0.003933333333 0.0002 0)
(0.003966666667 0.0002 0)
(0.004 0.0002 0)
(0.003033333333 0.0003 0)
(0.003066666667 0.0003 0)
(0.0031 0.0003 0)
(0.003133333333 0.0003 0)
(0.003166666667 0.0003 0)
(0.0032 0.0003 0)
(0.003233333333 0.0003 0)
(0.003266666667 0.0003 0)
(0.0033 0.0003 0)
(0.003333333333 0.0003 0)
(0.003366666667 0.0003 0)
(0.0034 0.0003 0)
(0.003433333333 0.0003 0)
(0.003466666667 0.0003 0)
(0.0035 0.0003 0)
(0.003533333333 0.0003 0)
(0.003566666667 0.0003 0)
(0.0036 0.0003 0)
(0.003633333333 0.0003 0)
(0.003666666667 0.0003 0)
(0.0037 0.0003 0)
(0.003733333333 0.0003 0)
(0.003766666667 0.0003 0)
(0.0038 0.0003 0)
(0.003833333333 0.0003 0)
(0.003866666667 0.0003 0)
(0.0039 0.0003 0)
(0.003933333333 0.0003 0)
(0.003966666667 0.0003 0)
(0.004 0.0003 0)
(0.003033333333 0.0004 0)
(0.003066666667 0.0004 0)
(0.0031 0.0004 0)
(0.003133333333 0.0004 0)
(0.003166666667 0.0004 0)
(0.0032 0.0004 0)
(0.003233333333 0.0004 0)
(0.003266666667 0.0004 0)
(0.0033 0.0004 0)
(0.003333333333 0.0004 0)
(0.003366666667 0.0004 0)
(0.0034 0.0004 0)
(0.003433333333 0.0004 0)
(0.003466666667 0.0004 0)
(0.0035 0.0004 0)
(0.003533333333 0.0004 0)
(0.003566666667 0.0004 0)
(0.0036 0.0004 0)
(0.003633333333 0.0004 0)
(0.003666666667 0.0004 0)
(0.0037 0.0004 0)
(0.003733333333 0.0004 0)
(0.003766666667 0.0004 0)
(0.0038 0.0004 0)
(0.003833333333 0.0004 0)
(0.003866666667 0.0004 0)
(0.0039 0.0004 0)
(0.003933333333 0.0004 0)
(0.003966666667 0.0004 0)
(0.004 0.0004 0)
(0.003033333333 0.0005 0)
(0.003066666667 0.0005 0)
(0.0031 0.0005 0)
(0.003133333333 0.0005 0)
(0.003166666667 0.0005 0)
(0.0032 0.0005 0)
(0.003233333333 0.0005 0)
(0.003266666667 0.0005 0)
(0.0033 0.0005 0)
(0.003333333333 0.0005 0)
(0.003366666667 0.0005 0)
(0.0034 0.0005 0)
(0.003433333333 0.0005 0)
(0.003466666667 0.0005 0)
(0.0035 0.0005 0)
(0.003533333333 0.0005 0)
(0.003566666667 0.0005 0)
(0.0036 0.0005 0)
(0.003633333333 0.0005 0)
(0.003666666667 0.0005 0)
(0.0037 0.0005 0)
(0.003733333333 0.0005 0)
(0.003766666667 0.0005 0)
(0.0038 0.0005 0)
(0.003833333333 0.0005 0)
(0.003866666667 0.0005 0)
(0.0039 0.0005 0)
(0.003933333333 0.0005 0)
(0.003966666667 0.0005 0)
(0.004 0.0005 0)
(0.003033333333 0.0006 0)
(0.003066666667 0.0006 0)
(0.0031 0.0006 0)
(0.003133333333 0.0006 0)
(0.003166666667 0.0006 0)
(0.0032 0.0006 0)
(0.003233333333 0.0006 0)
(0.003266666667 0.0006 0)
(0.0033 0.0006 0)
(0.003333333333 0.0006 0)
(0.003366666667 0.0006 0)
(0.0034 0.0006 0)
(0.003433333333 0.0006 0)
(0.003466666667 0.0006 0)
(0.0035 0.0006 0)
(0.003533333333 0.0006 0)
(0.003566666667 0.0006 0)
(0.0036 0.0006 0)
(0.003633333333 0.0006 0)
(0.003666666667 0.0006 0)
(0.0037 0.0006 0)
(0.003733333333 0.0006 0)
(0.003766666667 0.0006 0)
(0.0038 0.0006 0)
(0.003833333333 0.0006 0)
(0.003866666667 0.0006 0)
(0.0039 0.0006 0)
(0.003933333333 0.0006 0)
(0.003966666667 0.0006 0)
(0.004 0.0006 0)
(0.003033333333 0.0007 0)
(0.003066666667 0.0007 0)
(0.0031 0.0007 0)
(0.003133333333 0.0007 0)
(0.003166666667 0.0007 0)
(0.0032 0.0007 0)
(0.003233333333 0.0007 0)
(0.003266666667 0.0007 0)
(0.0033 0.0007 0)
(0.003333333333 0.0007 0)
(0.003366666667 0.0007 0)
(0.0034 0.0007 0)
(0.003433333333 0.0007 0)
(0.003466666667 0.0007 0)
(0.0035 0.0007 0)
(0.003533333333 0.0007 0)
(0.003566666667 0.0007 0)
(0.0036 0.0007 0)
(0.003633333333 0.0007 0)
(0.003666666667 0.0007 0)
(0.0037 0.0007 0)
(0.003733333333 0.0007 0)
(0.003766666667 0.0007 0)
(0.0038 0.0007 0)
(0.003833333333 0.0007 0)
(0.003866666667 0.0007 0)
(0.0039 0.0007 0)
(0.003933333333 0.0007 0)
(0.003966666667 0.0007 0)
(0.004 0.0007 0)
(0.003033333333 0.0008 0)
(0.003066666667 0.0008 0)
(0.0031 0.0008 0)
(0.003133333333 0.0008 0)
(0.003166666667 0.0008 0)
(0.0032 0.0008 0)
(0.003233333333 0.0008 0)
(0.003266666667 0.0008 0)
(0.0033 0.0008 0)
(0.003333333333 0.0008 0)
(0.003366666667 0.0008 0)
(0.0034 0.0008 0)
(0.003433333333 0.0008 0)
(0.003466666667 0.0008 0)
(0.0035 0.0008 0)
(0.003533333333 0.0008 0)
(0.003566666667 0.0008 0)
(0.0036 0.0008 0)
(0.003633333333 0.0008 0)
(0.003666666667 0.0008 0)
(0.0037 0.0008 0)
(0.003733333333 0.0008 0)
(0.003766666667 0.0008 0)
(0.0038 0.0008 0)
(0.003833333333 0.0008 0)
(0.003866666667 0.0008 0)
(0.0039 0.0008 0)
(0.003933333333 0.0008 0)
(0.003966666667 0.0008 0)
(0.004 0.0008 0)
(0.003033333333 0.0009 0)
(0.003066666667 0.0009 0)
(0.0031 0.0009 0)
(0.003133333333 0.0009 0)
(0.003166666667 0.0009 0)
(0.0032 0.0009 0)
(0.003233333333 0.0009 0)
(0.003266666667 0.0009 0)
(0.0033 0.0009 0)
(0.003333333333 0.0009 0)
(0.003366666667 0.0009 0)
(0.0034 0.0009 0)
(0.003433333333 0.0009 0)
(0.003466666667 0.0009 0)
(0.0035 0.0009 0)
(0.003533333333 0.0009 0)
(0.003566666667 0.0009 0)
(0.0036 0.0009 0)
(0.003633333333 0.0009 0)
(0.003666666667 0.0009 0)
(0.0037 0.0009 0)
(0.003733333333 0.0009 0)
(0.003766666667 0.0009 0)
(0.0038 0.0009 0)
(0.003833333333 0.0009 0)
(0.003866666667 0.0009 0)
(0.0039 0.0009 0)
(0.003933333333 0.0009 0)
(0.003966666667 0.0009 0)
(0.004 0.0009 0)
(0.003033333333 0.001 0)
(0.003066666667 0.001 0)
(0.0031 0.001 0)
(0.003133333333 0.001 0)
(0.003166666667 0.001 0)
(0.0032 0.001 0)
(0.003233333333 0.001 0)
(0.003266666667 0.001 0)
(0.0033 0.001 0)
(0.003333333333 0.001 0)
(0.003366666667 0.001 0)
(0.0034 0.001 0)
(0.003433333333 0.001 0)
(0.003466666667 0.001 0)
(0.0035 0.001 0)
(0.003533333333 0.001 0)
(0.003566666667 0.001 0)
(0.0036 0.001 0)
(0.003633333333 0.001 0)
(0.003666666667 0.001 0)
(0.0037 0.001 0)
(0.003733333333 0.001 0)
(0.003766666667 0.001 0)
(0.0038 0.001 0)
(0.003833333333 0.001 0)
(0.003866666667 0.001 0)
(0.0039 0.001 0)
(0.003933333333 0.001 0)
(0.003966666667 0.001 0)
(0.004 0.001 0)
(0.003033333333 0.0011 0)
(0.003066666667 0.0011 0)
(0.0031 0.0011 0)
(0.003133333333 0.0011 0)
(0.003166666667 0.0011 0)
(0.0032 0.0011 0)
(0.003233333333 0.0011 0)
(0.003266666667 0.0011 0)
(0.0033 0.0011 0)
(0.003333333333 0.0011 0)
(0.003366666667 0.0011 0)
(0.0034 0.0011 0)
(0.003433333333 0.0011 0)
(0.003466666667 0.0011 0)
(0.0035 0.0011 0)
(0.003533333333 0.0011 0)
(0.003566666667 0.0011 0)
(0.0036 0.0011 0)
(0.003633333333 0.0011 0)
(0.003666666667 0.0011 0)
(0.0037 0.0011 0)
(0.003733333333 0.0011 0)
(0.003766666667 0.0011 0)
(0.0038 0.0011 0)
(0.003833333333 0.0011 0)
(0.003866666667 0.0011 0)
(0.0039 0.0011 0)
(0.003933333333 0.0011 0)
(0.003966666667 0.0011 0)
(0.004 0.0011 0)
(0.003033333333 0.0012 0)
(0.003066666667 0.0012 0)
(0.0031 0.0012 0)
(0.003133333333 0.0012 0)
(0.003166666667 0.0012 0)
(0.0032 0.0012 0)
(0.003233333333 0.0012 0)
(0.003266666667 0.0012 0)
(0.0033 0.0012 0)
(0.003333333333 0.0012 0)
(0.003366666667 0.0012 0)
(0.0034 0.0012 0)
(0.003433333333 0.0012 0)
(0.003466666667 0.0012 0)
(0.0035 0.0012 0)
(0.003533333333 0.0012 0)
(0.003566666667 0.0012 0)
(0.0036 0.0012 0)
(0.003633333333 0.0012 0)
(0.003666666667 0.0012 0)
(0.0037 0.0012 0)
(0.003733333333 0.0012 0)
(0.003766666667 0.0012 0)
(0.0038 0.0012 0)
(0.003833333333 0.0012 0)
(0.003866666667 0.0012 0)
(0.0039 0.0012 0)
(0.003933333333 0.0012 0)
(0.003966666667 0.0012 0)
(0.004 0.0012 0)
(0.003033333333 0.0013 0)
(0.003066666667 0.0013 0)
(0.0031 0.0013 0)
(0.003133333333 0.0013 0)
(0.003166666667 0.0013 0)
(0.0032 0.0013 0)
(0.003233333333 0.0013 0)
(0.003266666667 0.0013 0)
(0.0033 0.0013 0)
(0.003333333333 0.0013 0)
(0.003366666667 0.0013 0)
(0.0034 0.0013 0)
(0.003433333333 0.0013 0)
(0.003466666667 0.0013 0)
(0.0035 0.0013 0)
(0.003533333333 0.0013 0)
(0.003566666667 0.0013 0)
(0.0036 0.0013 0)
(0.003633333333 0.0013 0)
(0.003666666667 0.0013 0)
(0.0037 0.0013 0)
(0.003733333333 0.0013 0)
(0.003766666667 0.0013 0)
(0.0038 0.0013 0)
(0.003833333333 0.0013 0)
(0.003866666667 0.0013 0)
(0.0039 0.0013 0)
(0.003933333333 0.0013 0)
(0.003966666667 0.0013 0)
(0.004 0.0013 0)
(0.003033333333 0.0014 0)
(0.003066666667 0.0014 0)
(0.0031 0.0014 0)
(0.003133333333 0.0014 0)
(0.003166666667 0.0014 0)
(0.0032 0.0014 0)
(0.003233333333 0.0014 0)
(0.003266666667 0.0014 0)
(0.0033 0.0014 0)
(0.003333333333 0.0014 0)
(0.003366666667 0.0014 0)
(0.0034 0.0014 0)
(0.003433333333 0.0014 0)
(0.003466666667 0.0014 0)
(0.0035 0.0014 0)
(0.003533333333 0.0014 0)
(0.003566666667 0.0014 0)
(0.0036 0.0014 0)
(0.003633333333 0.0014 0)
(0.003666666667 0.0014 0)
(0.0037 0.0014 0)
(0.003733333333 0.0014 0)
(0.003766666667 0.0014 0)
(0.0038 0.0014 0)
(0.003833333333 0.0014 0)
(0.003866666667 0.0014 0)
(0.0039 0.0014 0)
(0.003933333333 0.0014 0)
(0.003966666667 0.0014 0)
(0.004 0.0014 0)
(0.003033333333 0.0015 0)
(0.003066666667 0.0015 0)
(0.0031 0.0015 0)
(0.003133333333 0.0015 0)
(0.003166666667 0.0015 0)
(0.0032 0.0015 0)
(0.003233333333 0.0015 0)
(0.003266666667 0.0015 0)
(0.0033 0.0015 0)
(0.003333333333 0.0015 0)
(0.003366666667 0.0015 0)
(0.0034 0.0015 0)
(0.003433333333 0.0015 0)
(0.003466666667 0.0015 0)
(0.0035 0.0015 0)
(0.003533333333 0.0015 0)
(0.003566666667 0.0015 0)
(0.0036 0.0015 0)
(0.003633333333 0.0015 0)
(0.003666666667 0.0015 0)
(0.0037 0.0015 0)
(0.003733333333 0.0015 0)
(0.003766666667 0.0015 0)
(0.0038 0.0015 0)
(0.003833333333 0.0015 0)
(0.003866666667 0.0015 0)
(0.0039 0.0015 0)
(0.003933333333 0.0015 0)
(0.003966666667 0.0015 0)
(0.004 0.0015 0)
(0.003033333333 0.0016 0)
(0.003066666667 0.0016 0)
(0.0031 0.0016 0)
(0.003133333333 0.0016 0)
(0.003166666667 0.0016 0)
(0.0032 0.0016 0)
(0.003233333333 0.0016 0)
(0.003266666667 0.0016 0)
(0.0033 0.0016 0)
(0.003333333333 0.0016 0)
(0.003366666667 0.0016 0)
(0.0034 0.0016 0)
(0.003433333333 0.0016 0)
(0.003466666667 0.0016 0)
(0.0035 0.0016 0)
(0.003533333333 0.0016 0)
(0.003566666667 0.0016 0)
(0.0036 0.0016 0)
(0.003633333333 0.0016 0)
(0.003666666667 0.0016 0)
(0.0037 0.0016 0)
(0.003733333333 0.0016 0)
(0.003766666667 0.0016 0)
(0.0038 0.0016 0)
(0.003833333333 0.0016 0)
(0.003866666667 0.0016 0)
(0.0039 0.0016 0)
(0.003933333333 0.0016 0)
(0.003966666667 0.0016 0)
(0.004 0.0016 0)
(0.003033333333 0.0017 0)
(0.003066666667 0.0017 0)
(0.0031 0.0017 0)
(0.003133333333 0.0017 0)
(0.003166666667 0.0017 0)
(0.0032 0.0017 0)
(0.003233333333 0.0017 0)
(0.003266666667 0.0017 0)
(0.0033 0.0017 0)
(0.003333333333 0.0017 0)
(0.003366666667 0.0017 0)
(0.0034 0.0017 0)
(0.003433333333 0.0017 0)
(0.003466666667 0.0017 0)
(0.0035 0.0017 0)
(0.003533333333 0.0017 0)
(0.003566666667 0.0017 0)
(0.0036 0.0017 0)
(0.003633333333 0.0017 0)
(0.003666666667 0.0017 0)
(0.0037 0.0017 0)
(0.003733333333 0.0017 0)
(0.003766666667 0.0017 0)
(0.0038 0.0017 0)
(0.003833333333 0.0017 0)
(0.003866666667 0.0017 0)
(0.0039 0.0017 0)
(0.003933333333 0.0017 0)
(0.003966666667 0.0017 0)
(0.004 0.0017 0)
(0.003033333333 0.0018 0)
(0.003066666667 0.0018 0)
(0.0031 0.0018 0)
(0.003133333333 0.0018 0)
(0.003166666667 0.0018 0)
(0.0032 0.0018 0)
(0.003233333333 0.0018 0)
(0.003266666667 0.0018 0)
(0.0033 0.0018 0)
(0.003333333333 0.0018 0)
(0.003366666667 0.0018 0)
(0.0034 0.0018 0)
(0.003433333333 0.0018 0)
(0.003466666667 0.0018 0)
(0.0035 0.0018 0)
(0.003533333333 0.0018 0)
(0.003566666667 0.0018 0)
(0.0036 0.0018 0)
(0.003633333333 0.0018 0)
(0.003666666667 0.0018 0)
(0.0037 0.0018 0)
(0.003733333333 0.0018 0)
(0.003766666667 0.0018 0)
(0.0038 0.0018 0)
(0.003833333333 0.0018 0)
(0.003866666667 0.0018 0)
(0.0039 0.0018 0)
(0.003933333333 0.0018 0)
(0.003966666667 0.0018 0)
(0.004 0.0018 0)
(0.003033333333 0.0019 0)
(0.003066666667 0.0019 0)
(0.0031 0.0019 0)
(0.003133333333 0.0019 0)
(0.003166666667 0.0019 0)
(0.0032 0.0019 0)
(0.003233333333 0.0019 0)
(0.003266666667 0.0019 0)
(0.0033 0.0019 0)
(0.003333333333 0.0019 0)
(0.003366666667 0.0019 0)
(0.0034 0.0019 0)
(0.003433333333 0.0019 0)
(0.003466666667 0.0019 0)
(0.0035 0.0019 0)
(0.003533333333 0.0019 0)
(0.003566666667 0.0019 0)
(0.0036 0.0019 0)
(0.003633333333 0.0019 0)
(0.003666666667 0.0019 0)
(0.0037 0.0019 0)
(0.003733333333 0.0019 0)
(0.003766666667 0.0019 0)
(0.0038 0.0019 0)
(0.003833333333 0.0019 0)
(0.003866666667 0.0019 0)
(0.0039 0.0019 0)
(0.003933333333 0.0019 0)
(0.003966666667 0.0019 0)
(0.004 0.0019 0)
(0.003033333333 0.002 0)
(0.003066666667 0.002 0)
(0.0031 0.002 0)
(0.003133333333 0.002 0)
(0.003166666667 0.002 0)
(0.0032 0.002 0)
(0.003233333333 0.002 0)
(0.003266666667 0.002 0)
(0.0033 0.002 0)
(0.003333333333 0.002 0)
(0.003366666667 0.002 0)
(0.0034 0.002 0)
(0.003433333333 0.002 0)
(0.003466666667 0.002 0)
(0.0035 0.002 0)
(0.003533333333 0.002 0)
(0.003566666667 0.002 0)
(0.0036 0.002 0)
(0.003633333333 0.002 0)
(0.003666666667 0.002 0)
(0.0037 0.002 0)
(0.003733333333 0.002 0)
(0.003766666667 0.002 0)
(0.0038 0.002 0)
(0.003833333333 0.002 0)
(0.003866666667 0.002 0)
(0.0039 0.002 0)
(0.003933333333 0.002 0)
(0.003966666667 0.002 0)
(0.004 0.002 0)
(0.003033333333 0 0.001)
(0.003066666667 0 0.001)
(0.0031 0 0.001)
(0.003133333333 0 0.001)
(0.003166666667 0 0.001)
(0.0032 0 0.001)
(0.003233333333 0 0.001)
(0.003266666667 0 0.001)
(0.0033 0 0.001)
(0.003333333333 0 0.001)
(0.003366666667 0 0.001)
(0.0034 0 0.001)
(0.003433333333 0 0.001)
(0.003466666667 0 0.001)
(0.0035 0 0.001)
(0.003533333333 0 0.001)
(0.003566666667 0 0.001)
(0.0036 0 0.001)
(0.003633333333 0 0.001)
(0.003666666667 0 0.001)
(0.0037 0 0.001)
(0.003733333333 0 0.001)
(0.003766666667 0 0.001)
(0.0038 0 0.001)
(0.003833333333 0 0.001)
(0.003866666667 0 0.001)
(0.0039 0 0.001)
(0.003933333333 0 0.001)
(0.003966666667 0 0.001)
(0.004 0 0.001)
(0.003033333333 0.0001 0.001)
(0.003066666667 0.0001 0.001)
(0.0031 0.0001 0.001)
(0.003133333333 0.0001 0.001)
(0.003166666667 0.0001 0.001)
(0.0032 0.0001 0.001)
(0.003233333333 0.0001 0.001)
(0.003266666667 0.0001 0.001)
(0.0033 0.0001 0.001)
(0.003333333333 0.0001 0.001)
(0.003366666667 0.0001 0.001)
(0.0034 0.0001 0.001)
(0.003433333333 0.0001 0.001)
(0.003466666667 0.0001 0.001)
(0.0035 0.0001 0.001)
(0.003533333333 0.0001 0.001)
(0.003566666667 0.0001 0.001)
(0.0036 0.0001 0.001)
(0.003633333333 0.0001 0.001)
(0.003666666667 0.0001 0.001)
(0.0037 0.0001 0.001)
(0.003733333333 0.0001 0.001)
(0.003766666667 0.0001 0.001)
(0.0038 0.0001 0.001)
(0.003833333333 0.0001 0.001)
(0.003866666667 0.0001 0.001)
(0.0039 0.0001 0.001)
(0.003933333333 0.0001 0.001)
(0.003966666667 0.0001 0.001)
(0.004 0.0001 0.001)
(0.003033333333 0.0002 0.001)
(0.003066666667 0.0002 0.001)
(0.0031 0.0002 0.001)
(0.003133333333 0.0002 0.001)
(0.003166666667 0.0002 0.001)
(0.0032 0.0002 0.001)
(0.003233333333 0.0002 0.001)
(0.003266666667 0.0002 0.001)
(0.0033 0.0002 0.001)
(0.003333333333 0.0002 0.001)
(0.003366666667 0.0002 0.001)
(0.0034 0.0002 0.001)
(0.003433333333 0.0002 0.001)
(0.003466666667 0.0002 0.001)
(0.0035 0.0002 0.001)
(0.003533333333 0.0002 0.001)
(0.003566666667 0.0002 0.001)
(0.0036 0.0002 0.001)
(0.003633333333 0.0002 0.001)
(0.003666666667 0.0002 0.001)
(0.0037 0.0002 0.001)
(0.003733333333 0.0002 0.001)
(0.003766666667 0.0002 0.001)
(0.0038 0.0002 0.001)
(0.003833333333 0.0002 0.001)
(0.003866666667 0.0002 0.001)
(0.0039 0.0002 0.001)
(0.003933333333 0.0002 0.001)
(0.003966666667 0.0002 0.001)
(0.004 0.0002 0.001)
(0.003033333333 0.0003 0.001)
(0.003066666667 0.0003 0.001)
(0.0031 0.0003 0.001)
(0.003133333333 0.0003 0.001)
(0.003166666667 0.0003 0.001)
(0.0032 0.0003 0.001)
(0.003233333333 0.0003 0.001)
(0.003266666667 0.0003 0.001)
(0.0033 0.0003 0.001)
(0.003333333333 0.0003 0.001)
(0.003366666667 0.0003 0.001)
(0.0034 0.0003 0.001)
(0.003433333333 0.0003 0.001)
(0.003466666667 0.0003 0.001)
(0.0035 0.0003 0.001)
(0.003533333333 0.0003 0.001)
(0.003566666667 0.0003 0.001)
(0.0036 0.0003 0.001)
(0.003633333333 0.0003 0.001)
(0.003666666667 0.0003 0.001)
(0.0037 0.0003 0.001)
(0.003733333333 0.0003 0.001)
(0.003766666667 0.0003 0.001)
(0.0038 0.0003 0.001)
(0.003833333333 0.0003 0.001)
(0.003866666667 0.0003 0.001)
(0.0039 0.0003 0.001)
(0.003933333333 0.0003 0.001)
(0.003966666667 0.0003 0.001)
(0.004 0.0003 0.001)
(0.003033333333 0.0004 0.001)
(0.003066666667 0.0004 0.001)
(0.0031 0.0004 0.001)
(0.003133333333 0.0004 0.001)
(0.003166666667 0.0004 0.001)
(0.0032 0.0004 0.001)
(0.003233333333 0.0004 0.001)
(0.003266666667 0.0004 0.001)
(0.0033 0.0004 0.001)
(0.003333333333 0.0004 0.001)
(0.003366666667 0.0004 0.001)
(0.0034 0.0004 0.001)
(0.003433333333 0.0004 0.001)
(0.003466666667 0.0004 0.001)
(0.0035 0.0004 0.001)
(0.003533333333 0.0004 0.001)
(0.003566666667 0.0004 0.001)
(0.0036 0.0004 0.001)
(0.003633333333 0.0004 0.001)
(0.003666666667 0.0004 0.001)
(0.0037 0.0004 0.001)
(0.003733333333 0.0004 0.001)
(0.003766666667 0.0004 0.001)
(0.0038 0.0004 0.001)
(0.003833333333 0.0004 0.001)
(0.003866666667 0.0004 0.001)
(0.0039 0.0004 0.001)
(0.003933333333 0.0004 0.001)
(0.003966666667 0.0004 0.001)
(0.004 0.0004 0.001)
(0.003033333333 0.0005 0.001)
(0.003066666667 0.0005 0.001)
(0.0031 0.0005 0.001)
(0.003133333333 0.0005 0.001)
(0.003166666667 0.0005 0.001)
(0.0032 0.0005 0.001)
(0.003233333333 0.0005 0.001)
(0.003266666667 0.0005 0.001)
(0.0033 0.0005 0.001)
(0.003333333333 0.0005 0.001)
(0.003366666667 0.0005 0.001)
(0.0034 0.0005 0.001)
(0.003433333333 0.0005 0.001)
(0.003466666667 0.0005 0.001)
(0.0035 0.0005 0.001)
(0.003533333333 0.0005 0.001)
(0.003566666667 0.0005 0.001)
(0.0036 0.0005 0.001)
(0.003633333333 0.0005 0.001)
(0.003666666667 0.0005 0.001)
(0.0037 0.0005 0.001)
(0.003733333333 0.0005 0.001)
(0.003766666667 0.0005 0.001)
(0.0038 0.0005 0.001)
(0.003833333333 0.0005 0.001)
(0.003866666667 0.0005 0.001)
(0.0039 0.0005 0.001)
(0.003933333333 0.0005 0.001)
(0.003966666667 0.0005 0.001)
(0.004 0.0005 0.001)
(0.003033333333 0.0006 0.001)
(0.003066666667 0.0006 0.001)
(0.0031 0.0006 0.001)
(0.003133333333 0.0006 0.001)
(0.003166666667 0.0006 0.001)
(0.0032 0.0006 0.001)
(0.003233333333 0.0006 0.001)
(0.003266666667 0.0006 0.001)
(0.0033 0.0006 0.001)
(0.003333333333 0.0006 0.001)
(0.003366666667 0.0006 0.001)
(0.0034 0.0006 0.001)
(0.003433333333 0.0006 0.001)
(0.003466666667 0.0006 0.001)
(0.0035 0.0006 0.001)
(0.003533333333 0.0006 0.001)
(0.003566666667 0.0006 0.001)
(0.0036 0.0006 0.001)
(0.003633333333 0.0006 0.001)
(0.003666666667 0.0006 0.001)
(0.0037 0.0006 0.001)
(0.003733333333 0.0006 0.001)
(0.003766666667 0.0006 0.001)
(0.0038 0.0006 0.001)
(0.003833333333 0.0006 0.001)
(0.003866666667 0.0006 0.001)
(0.0039 0.0006 0.001)
(0.003933333333 0.0006 0.001)
(0.003966666667 0.0006 0.001)
(0.004 0.0006 0.001)
(0.003033333333 0.0007 0.001)
(0.003066666667 0.0007 0.001)
(0.0031 0.0007 0.001)
(0.003133333333 0.0007 0.001)
(0.003166666667 0.0007 0.001)
(0.0032 0.0007 0.001)
(0.003233333333 0.0007 0.001)
(0.003266666667 0.0007 0.001)
(0.0033 0.0007 0.001)
(0.003333333333 0.0007 0.001)
(0.003366666667 0.0007 0.001)
(0.0034 0.0007 0.001)
(0.003433333333 0.0007 0.001)
(0.003466666667 0.0007 0.001)
(0.0035 0.0007 0.001)
(0.003533333333 0.0007 0.001)
(0.003566666667 0.0007 0.001)
(0.0036 0.0007 0.001)
(0.003633333333 0.0007 0.001)
(0.003666666667 0.0007 0.001)
(0.0037 0.0007 0.001)
(0.003733333333 0.0007 0.001)
(0.003766666667 0.0007 0.001)
(0.0038 0.0007 0.001)
(0.003833333333 0.0007 0.001)
(0.003866666667 0.0007 0.001)
(0.0039 0.0007 0.001)
(0.003933333333 0.0007 0.001)
(0.003966666667 0.0007 0.001)
(0.004 0.0007 0.001)
(0.003033333333 0.0008 0.001)
(0.003066666667 0.0008 0.001)
(0.0031 0.0008 0.001)
(0.003133333333 0.0008 0.001)
(0.003166666667 0.0008 0.001)
(0.0032 0.0008 0.001)
(0.003233333333 0.0008 0.001)
(0.003266666667 0.0008 0.001)
(0.0033 0.0008 0.001)
(0.003333333333 0.0008 0.001)
(0.003366666667 0.0008 0.001)
(0.0034 0.0008 0.001)
(0.003433333333 0.0008 0.001)
(0.003466666667 0.0008 0.001)
(0.0035 0.0008 0.001)
(0.003533333333 0.0008 0.001)
(0.003566666667 0.0008 0.001)
(0.0036 0.0008 0.001)
(0.003633333333 0.0008 0.001)
(0.003666666667 0.0008 0.001)
(0.0037 0.0008 0.001)
(0.003733333333 0.0008 0.001)
(0.003766666667 0.0008 0.001)
(0.0038 0.0008 0.001)
(0.003833333333 0.0008 0.001)
(0.003866666667 0.0008 0.001)
(0.0039 0.0008 0.001)
(0.003933333333 0.0008 0.001)
(0.003966666667 0.0008 0.001)
(0.004 0.0008 0.001)
(0.003033333333 0.0009 0.001)
(0.003066666667 0.0009 0.001)
(0.0031 0.0009 0.001)
(0.003133333333 0.0009 0.001)
(0.003166666667 0.0009 0.001)
(0.0032 0.0009 0.001)
(0.003233333333 0.0009 0.001)
(0.003266666667 0.0009 0.001)
(0.0033 0.0009 0.001)
(0.003333333333 0.0009 0.001)
(0.003366666667 0.0009 0.001)
(0.0034 0.0009 0.001)
(0.003433333333 0.0009 0.001)
(0.003466666667 0.0009 0.001)
(0.0035 0.0009 0.001)
(0.003533333333 0.0009 0.001)
(0.003566666667 0.0009 0.001)
(0.0036 0.0009 0.001)
(0.003633333333 0.0009 0.001)
(0.003666666667 0.0009 0.001)
(0.0037 0.0009 0.001)
(0.003733333333 0.0009 0.001)
(0.003766666667 0.0009 0.001)
(0.0038 0.0009 0.001)
(0.003833333333 0.0009 0.001)
(0.003866666667 0.0009 0.001)
(0.0039 0.0009 0.001)
(0.003933333333 0.0009 0.001)
(0.003966666667 0.0009 0.001)
(0.004 0.0009 0.001)
(0.003033333333 0.001 0.001)
(0.003066666667 0.001 0.001)
(0.0031 0.001 0.001)
(0.003133333333 0.001 0.001)
(0.003166666667 0.001 0.001)
(0.0032 0.001 0.001)
(0.003233333333 0.001 0.001)
(0.003266666667 0.001 0.001)
(0.0033 0.001 0.001)
(0.003333333333 0.001 0.001)
(0.003366666667 0.001 0.001)
(0.0034 0.001 0.001)
(0.003433333333 0.001 0.001)
(0.003466666667 0.001 0.001)
(0.0035 0.001 0.001)
(0.003533333333 0.001 0.001)
(0.003566666667 0.001 0.001)
(0.0036 0.001 0.001)
(0.003633333333 0.001 0.001)
(0.003666666667 0.001 0.001)
(0.0037 0.001 0.001)
(0.003733333333 0.001 0.001)
(0.003766666667 0.001 0.001)
(0.0038 0.001 0.001)
(0.003833333333 0.001 0.001)
(0.003866666667 0.001 0.001)
(0.0039 0.001 0.001)
(0.003933333333 0.001 0.001)
(0.003966666667 0.001 0.001)
(0.004 0.001 0.001)
(0.003033333333 0.0011 0.001)
(0.003066666667 0.0011 0.001)
(0.0031 0.0011 0.001)
(0.003133333333 0.0011 0.001)
(0.003166666667 0.0011 0.001)
(0.0032 0.0011 0.001)
(0.003233333333 0.0011 0.001)
(0.003266666667 0.0011 0.001)
(0.0033 0.0011 0.001)
(0.003333333333 0.0011 0.001)
(0.003366666667 0.0011 0.001)
(0.0034 0.0011 0.001)
(0.003433333333 0.0011 0.001)
(0.003466666667 0.0011 0.001)
(0.0035 0.0011 0.001)
(0.003533333333 0.0011 0.001)
(0.003566666667 0.0011 0.001)
(0.0036 0.0011 0.001)
(0.003633333333 0.0011 0.001)
(0.003666666667 0.0011 0.001)
(0.0037 0.0011 0.001)
(0.003733333333 0.0011 0.001)
(0.003766666667 0.0011 0.001)
(0.0038 0.0011 0.001)
(0.003833333333 0.0011 0.001)
(0.003866666667 0.0011 0.001)
(0.0039 0.0011 0.001)
(0.003933333333 0.0011 0.001)
(0.003966666667 0.0011 0.001)
(0.004 0.0011 0.001)
(0.003033333333 0.0012 0.001)
(0.003066666667 0.0012 0.001)
(0.0031 0.0012 0.001)
(0.003133333333 0.0012 0.001)
(0.003166666667 0.0012 0.001)
(0.0032 0.0012 0.001)
(0.003233333333 0.0012 0.001)
(0.003266666667 0.0012 0.001)
(0.0033 0.0012 0.001)
(0.003333333333 0.0012 0.001)
(0.003366666667 0.0012 0.001)
(0.0034 0.0012 0.001)
(0.003433333333 0.0012 0.001)
(0.003466666667 0.0012 0.001)
(0.0035 0.0012 0.001)
(0.003533333333 0.0012 0.001)
(0.003566666667 0.0012 0.001)
(0.0036 0.0012 0.001)
(0.003633333333 0.0012 0.001)
(0.003666666667 0.0012 0.001)
(0.0037 0.0012 0.001)
(0.003733333333 0.0012 0.001)
(0.003766666667 0.0012 0.001)
(0.0038 0.0012 0.001)
(0.003833333333 0.0012 0.001)
(0.003866666667 0.0012 0.001)
(0.0039 0.0012 0.001)
(0.003933333333 0.0012 0.001)
(0.003966666667 0.0012 0.001)
(0.004 0.0012 0.001)
(0.003033333333 0.0013 0.001)
(0.003066666667 0.0013 0.001)
(0.0031 0.0013 0.001)
(0.003133333333 0.0013 0.001)
(0.003166666667 0.0013 0.001)
(0.0032 0.0013 0.001)
(0.003233333333 0.0013 0.001)
(0.003266666667 0.0013 0.001)
(0.0033 0.0013 0.001)
(0.003333333333 0.0013 0.001)
(0.003366666667 0.0013 0.001)
(0.0034 0.0013 0.001)
(0.003433333333 0.0013 0.001)
(0.003466666667 0.0013 0.001)
(0.0035 0.0013 0.001)
(0.003533333333 0.0013 0.001)
(0.003566666667 0.0013 0.001)
(0.0036 0.0013 0.001)
(0.003633333333 0.0013 0.001)
(0.003666666667 0.0013 0.001)
(0.0037 0.0013 0.001)
(0.003733333333 0.0013 0.001)
(0.003766666667 0.0013 0.001)
(0.0038 0.0013 0.001)
(0.003833333333 0.0013 0.001)
(0.003866666667 0.0013 0.001)
(0.0039 0.0013 0.001)
(0.003933333333 0.0013 0.001)
(0.003966666667 0.0013 0.001)
(0.004 0.0013 0.001)
(0.003033333333 0.0014 0.001)
(0.003066666667 0.0014 0.001)
(0.0031 0.0014 0.001)
(0.003133333333 0.0014 0.001)
(0.003166666667 0.0014 0.001)
(0.0032 0.0014 0.001)
(0.003233333333 0.0014 0.001)
(0.003266666667 0.0014 0.001)
(0.0033 0.0014 0.001)
(0.003333333333 0.0014 0.001)
(0.003366666667 0.0014 0.001)
(0.0034 0.0014 0.001)
(0.003433333333 0.0014 0.001)
(0.003466666667 0.0014 0.001)
(0.0035 0.0014 0.001)
(0.003533333333 0.0014 0.001)
(0.003566666667 0.0014 0.001)
(0.0036 0.0014 0.001)
(0.003633333333 0.0014 0.001)
(0.003666666667 0.0014 0.001)
(0.0037 0.0014 0.001)
(0.003733333333 0.0014 0.001)
(0.003766666667 0.0014 0.001)
(0.0038 0.0014 0.001)
(0.003833333333 0.0014 0.001)
(0.003866666667 0.0014 0.001)
(0.0039 0.0014 0.001)
(0.003933333333 0.0014 0.001)
(0.003966666667 0.0014 0.001)
(0.004 0.0014 0.001)
(0.003033333333 0.0015 0.001)
(0.003066666667 0.0015 0.001)
(0.0031 0.0015 0.001)
(0.003133333333 0.0015 0.001)
(0.003166666667 0.0015 0.001)
(0.0032 0.0015 0.001)
(0.003233333333 0.0015 0.001)
(0.003266666667 0.0015 0.001)
(0.0033 0.0015 0.001)
(0.003333333333 0.0015 0.001)
(0.003366666667 0.0015 0.001)
(0.0034 0.0015 0.001)
(0.003433333333 0.0015 0.001)
(0.003466666667 0.0015 0.001)
(0.0035 0.0015 0.001)
(0.003533333333 0.0015 0.001)
(0.003566666667 0.0015 0.001)
(0.0036 0.0015 0.001)
(0.003633333333 0.0015 0.001)
(0.003666666667 0.0015 0.001)
(0.0037 0.0015 0.001)
(0.003733333333 0.0015 0.001)
(0.003766666667 0.0015 0.001)
(0.0038 0.0015 0.001)
(0.003833333333 0.0015 0.001)
(0.003866666667 0.0015 0.001)
(0.0039 0.0015 0.001)
(0.003933333333 0.0015 0.001)
(0.003966666667 0.0015 0.001)
(0.004 0.0015 0.001)
(0.003033333333 0.0016 0.001)
(0.003066666667 0.0016 0.001)
(0.0031 0.0016 0.001)
(0.003133333333 0.0016 0.001)
(0.003166666667 0.0016 0.001)
(0.0032 0.0016 0.001)
(0.003233333333 0.0016 0.001)
(0.003266666667 0.0016 0.001)
(0.0033 0.0016 0.001)
(0.003333333333 0.0016 0.001)
(0.003366666667 0.0016 0.001)
(0.0034 0.0016 0.001)
(0.003433333333 0.0016 0.001)
(0.003466666667 0.0016 0.001)
(0.0035 0.0016 0.001)
(0.003533333333 0.0016 0.001)
(0.003566666667 0.0016 0.001)
(0.0036 0.0016 0.001)
(0.003633333333 0.0016 0.001)
(0.003666666667 0.0016 0.001)
(0.0037 0.0016 0.001)
(0.003733333333 0.0016 0.001)
(0.003766666667 0.0016 0.001)
(0.0038 0.0016 0.001)
(0.003833333333 0.0016 0.001)
(0.003866666667 0.0016 0.001)
(0.0039 0.0016 0.001)
(0.003933333333 0.0016 0.001)
(0.003966666667 0.0016 0.001)
(0.004 0.0016 0.001)
(0.003033333333 0.0017 0.001)
(0.003066666667 0.0017 0.001)
(0.0031 0.0017 0.001)
(0.003133333333 0.0017 0.001)
(0.003166666667 0.0017 0.001)
(0.0032 0.0017 0.001)
(0.003233333333 0.0017 0.001)
(0.003266666667 0.0017 0.001)
(0.0033 0.0017 0.001)
(0.003333333333 0.0017 0.001)
(0.003366666667 0.0017 0.001)
(0.0034 0.0017 0.001)
(0.003433333333 0.0017 0.001)
(0.003466666667 0.0017 0.001)
(0.0035 0.0017 0.001)
(0.003533333333 0.0017 0.001)
(0.003566666667 0.0017 0.001)
(0.0036 0.0017 0.001)
(0.003633333333 0.0017 0.001)
(0.003666666667 0.0017 0.001)
(0.0037 0.0017 0.001)
(0.003733333333 0.0017 0.001)
(0.003766666667 0.0017 0.001)
(0.0038 0.0017 0.001)
(0.003833333333 0.0017 0.001)
(0.003866666667 0.0017 0.001)
(0.0039 0.0017 0.001)
(0.003933333333 0.0017 0.001)
(0.003966666667 0.0017 0.001)
(0.004 0.0017 0.001)
(0.003033333333 0.0018 0.001)
(0.003066666667 0.0018 0.001)
(0.0031 0.0018 0.001)
(0.003133333333 0.0018 0.001)
(0.003166666667 0.0018 0.001)
(0.0032 0.0018 0.001)
(0.003233333333 0.0018 0.001)
(0.003266666667 0.0018 0.001)
(0.0033 0.0018 0.001)
(0.003333333333 0.0018 0.001)
(0.003366666667 0.0018 0.001)
(0.0034 0.0018 0.001)
(0.003433333333 0.0018 0.001)
(0.003466666667 0.0018 0.001)
(0.0035 0.0018 0.001)
(0.003533333333 0.0018 0.001)
(0.003566666667 0.0018 0.001)
(0.0036 0.0018 0.001)
(0.003633333333 0.0018 0.001)
(0.003666666667 0.0018 0.001)
(0.0037 0.0018 0.001)
(0.003733333333 0.0018 0.001)
(0.003766666667 0.0018 0.001)
(0.0038 0.0018 0.001)
(0.003833333333 0.0018 0.001)
(0.003866666667 0.0018 0.001)
(0.0039 0.0018 0.001)
(0.003933333333 0.0018 0.001)
(0.003966666667 0.0018 0.001)
(0.004 0.0018 0.001)
(0.003033333333 0.0019 0.001)
(0.003066666667 0.0019 0.001)
(0.0031 0.0019 0.001)
(0.003133333333 0.0019 0.001)
(0.003166666667 0.0019 0.001)
(0.0032 0.0019 0.001)
(0.003233333333 0.0019 0.001)
(0.003266666667 0.0019 0.001)
(0.0033 0.0019 0.001)
(0.003333333333 0.0019 0.001)
(0.003366666667 0.0019 0.001)
(0.0034 0.0019 0.001)
(0.003433333333 0.0019 0.001)
(0.003466666667 0.0019 0.001)
(0.0035 0.0019 0.001)
(0.003533333333 0.0019 0.001)
(0.003566666667 0.0019 0.001)
(0.0036 0.0019 0.001)
(0.003633333333 0.0019 0.001)
(0.003666666667 0.0019 0.001)
(0.0037 0.0019 0.001)
(0.003733333333 0.0019 0.001)
(0.003766666667 0.0019 0.001)
(0.0038 0.0019 0.001)
(0.003833333333 0.0019 0.001)
(0.003866666667 0.0019 0.001)
(0.0039 0.0019 0.001)
(0.003933333333 0.0019 0.001)
(0.003966666667 0.0019 0.001)
(0.004 0.0019 0.001)
(0.003033333333 0.002 0.001)
(0.003066666667 0.002 0.001)
(0.0031 0.002 0.001)
(0.003133333333 0.002 0.001)
(0.003166666667 0.002 0.001)
(0.0032 0.002 0.001)
(0.003233333333 0.002 0.001)
(0.003266666667 0.002 0.001)
(0.0033 0.002 0.001)
(0.003333333333 0.002 0.001)
(0.003366666667 0.002 0.001)
(0.0034 0.002 0.001)
(0.003433333333 0.002 0.001)
(0.003466666667 0.002 0.001)
(0.0035 0.002 0.001)
(0.003533333333 0.002 0.001)
(0.003566666667 0.002 0.001)
(0.0036 0.002 0.001)
(0.003633333333 0.002 0.001)
(0.003666666667 0.002 0.001)
(0.0037 0.002 0.001)
(0.003733333333 0.002 0.001)
(0.003766666667 0.002 0.001)
(0.0038 0.002 0.001)
(0.003833333333 0.002 0.001)
(0.003866666667 0.002 0.001)
(0.0039 0.002 0.001)
(0.003933333333 0.002 0.001)
(0.003966666667 0.002 0.001)
(0.004 0.002 0.001)
(0.002 0.00215 0)
(0.0021 0.00215 0)
(0.0022 0.00215 0)
(0.0023 0.00215 0)
(0.0024 0.00215 0)
(0.0025 0.00215 0)
(0.0026 0.00215 0)
(0.0027 0.00215 0)
(0.0028 0.00215 0)
(0.0029 0.00215 0)
(0.003 0.00215 0)
(0.002 0.0023 0)
(0.0021 0.0023 0)
(0.0022 0.0023 0)
(0.0023 0.0023 0)
(0.0024 0.0023 0)
(0.0025 0.0023 0)
(0.0026 0.0023 0)
(0.0027 0.0023 0)
(0.0028 0.0023 0)
(0.0029 0.0023 0)
(0.003 0.0023 0)
(0.002 0.00245 0)
(0.0021 0.00245 0)
(0.0022 0.00245 0)
(0.0023 0.00245 0)
(0.0024 0.00245 0)
(0.0025 0.00245 0)
(0.0026 0.00245 0)
(0.0027 0.00245 0)
(0.0028 0.00245 0)
(0.0029 0.00245 0)
(0.003 0.00245 0)
(0.002 0.0026 0)
(0.0021 0.0026 0)
(0.0022 0.0026 0)
(0.0023 0.0026 0)
(0.0024 0.0026 0)
(0.0025 0.0026 0)
(0.0026 0.0026 0)
(0.0027 0.0026 0)
(0.0028 0.0026 0)
(0.0029 0.0026 0)
(0.003 0.0026 0)
(0.002 0.00275 0)
(0.0021 0.00275 0)
(0.0022 0.00275 0)
(0.0023 0.00275 0)
(0.0024 0.00275 0)
(0.0025 0.00275 0)
(0.0026 0.00275 0)
(0.0027 0.00275 0)
(0.0028 0.00275 0)
(0.0029 0.00275 0)
(0.003 0.00275 0)
(0.002 0.0029 0)
(0.0021 0.0029 0)
(0.0022 0.0029 0)
(0.0023 0.0029 0)
(0.0024 0.0029 0)
(0.0025 0.0029 0)
(0.0026 0.0029 0)
(0.0027 0.0029 0)
(0.0028 0.0029 0)
(0.0029 0.0029 0)
(0.003 0.0029 0)
(0.002 0.00305 0)
(0.0021 0.00305 0)
(0.0022 0.00305 0)
(0.0023 0.00305 0)
(0.0024 0.00305 0)
(0.0025 0.00305 0)
(0.0026 0.00305 0)
(0.0027 0.00305 0)
(0.0028 0.00305 0)
(0.0029 0.00305 0)
(0.003 0.00305 0)
(0.002 0.0032 0)
(0.0021 0.0032 0)
(0.0022 0.0032 0)
(0.0023 0.0032 0)
(0.0024 0.0032 0)
(0.0025 0.0032 0)
(0.0026 0.0032 0)
(0.0027 0.0032 0)
(0.0028 0.0032 0)
(0.0029 0.0032 0)
(0.003 0.0032 0)
(0.002 0.00335 0)
(0.0021 0.00335 0)
(0.0022 0.00335 0)
(0.0023 0.00335 0)
(0.0024 0.00335 0)
(0.0025 0.00335 0)
(0.0026 0.00335 0)
(0.0027 0.00335 0)
(0.0028 0.00335 0)
(0.0029 0.00335 0)
(0.003 0.00335 0)
(0.002 0.0035 0)
(0.0021 0.0035 0)
(0.0022 0.0035 0)
(0.0023 0.0035 0)
(0.0024 0.0035 0)
(0.0025 0.0035 0)
(0.0026 0.0035 0)
(0.0027 0.0035 0)
(0.0028 0.0035 0)
(0.0029 0.0035 0)
(0.003 0.0035 0)
(0.002 0.00365 0)
(0.0021 0.00365 0)
(0.0022 0.00365 0)
(0.0023 0.00365 0)
(0.0024 0.00365 0)
(0.0025 0.00365 0)
(0.0026 0.00365 0)
(0.0027 0.00365 0)
(0.0028 0.00365 0)
(0.0029 0.00365 0)
(0.003 0.00365 0)
(0.002 0.0038 0)
(0.0021 0.0038 0)
(0.0022 0.0038 0)
(0.0023 0.0038 0)
(0.0024 0.0038 0)
(0.0025 0.0038 0)
(0.0026 0.0038 0)
(0.0027 0.0038 0)
(0.0028 0.0038 0)
(0.0029 0.0038 0)
(0.003 0.0038 0)
(0.002 0.00395 0)
(0.0021 0.00395 0)
(0.0022 0.00395 0)
(0.0023 0.00395 0)
(0.0024 0.00395 0)
(0.0025 0.00395 0)
(0.0026 0.00395 0)
(0.0027 0.00395 0)
(0.0028 0.00395 0)
(0.0029 0.00395 0)
(0.003 0.00395 0)
(0.002 0.0041 0)
(0.0021 0.0041 0)
(0.0022 0.0041 0)
(0.0023 0.0041 0)
(0.0024 0.0041 0)
(0.0025 0.0041 0)
(0.0026 0.0041 0)
(0.0027 0.0041 0)
(0.0028 0.0041 0)
(0.0029 0.0041 0)
(0.003 0.0041 0)
(0.002 0.00425 0)
(0.0021 0.00425 0)
(0.0022 0.00425 0)
(0.0023 0.00425 0)
(0.0024 0.00425 0)
(0.0025 0.00425 0)
(0.0026 0.00425 0)
(0.0027 0.00425 0)
(0.0028 0.00425 0)
(0.0029 0.00425 0)
(0.003 0.00425 0)
(0.002 0.0044 0)
(0.0021 0.0044 0)
(0.0022 0.0044 0)
(0.0023 0.0044 0)
(0.0024 0.0044 0)
(0.0025 0.0044 0)
(0.0026 0.0044 0)
(0.0027 0.0044 0)
(0.0028 0.0044 0)
(0.0029 0.0044 0)
(0.003 0.0044 0)
(0.002 0.00455 0)
(0.0021 0.00455 0)
(0.0022 0.00455 0)
(0.0023 0.00455 0)
(0.0024 0.00455 0)
(0.0025 0.00455 0)
(0.0026 0.00455 0)
(0.0027 0.00455 0)
(0.0028 0.00455 0)
(0.0029 0.00455 0)
(0.003 0.00455 0)
(0.002 0.0047 0)
(0.0021 0.0047 0)
(0.0022 0.0047 0)
(0.0023 0.0047 0)
(0.0024 0.0047 0)
(0.0025 0.0047 0)
(0.0026 0.0047 0)
(0.0027 0.0047 0)
(0.0028 0.0047 0)
(0.0029 0.0047 0)
(0.003 0.0047 0)
(0.002 0.00485 0)
(0.0021 0.00485 0)
(0.0022 0.00485 0)
(0.0023 0.00485 0)
(0.0024 0.00485 0)
(0.0025 0.00485 0)
(0.0026 0.00485 0)
(0.0027 0.00485 0)
(0.0028 0.00485 0)
(0.0029 0.00485 0)
(0.003 0.00485 0)
(0.002 0.005 0)
(0.0021 0.005 0)
(0.0022 0.005 0)
(0.0023 0.005 0)
(0.0024 0.005 0)
(0.0025 0.005 0)
(0.0026 0.005 0)
(0.0027 0.005 0)
(0.0028 0.005 0)
(0.0029 0.005 0)
(0.003 0.005 0)
(0.002 0.00215 0.001)
(0.0021 0.00215 0.001)
(0.0022 0.00215 0.001)
(0.0023 0.00215 0.001)
(0.0024 0.00215 0.001)
(0.0025 0.00215 0.001)
(0.0026 0.00215 0.001)
(0.0027 0.00215 0.001)
(0.0028 0.00215 0.001)
(0.0029 0.00215 0.001)
(0.003 0.00215 0.001)
(0.002 0.0023 0.001)
(0.0021 0.0023 0.001)
(0.0022 0.0023 0.001)
(0.0023 0.0023 0.001)
(0.0024 0.0023 0.001)
(0.0025 0.0023 0.001)
(0.0026 0.0023 0.001)
(0.0027 0.0023 0.001)
(0.0028 0.0023 0.001)
(0.0029 0.0023 0.001)
(0.003 0.0023 0.001)
(0.002 0.00245 0.001)
(0.0021 0.00245 0.001)
(0.0022 0.00245 0.001)
(0.0023 0.00245 0.001)
(0.0024 0.00245 0.001)
(0.0025 0.00245 0.001)
(0.0026 0.00245 0.001)
(0.0027 0.00245 0.001)
(0.0028 0.00245 0.001)
(0.0029 0.00245 0.001)
(0.003 0.00245 0.001)
(0.002 0.0026 0.001)
(0.0021 0.0026 0.001)
(0.0022 0.0026 0.001)
(0.0023 0.0026 0.001)
(0.0024 0.0026 0.001)
(0.0025 0.0026 0.001)
(0.0026 0.0026 0.001)
(0.0027 0.0026 0.001)
(0.0028 0.0026 0.001)
(0.0029 0.0026 0.001)
(0.003 0.0026 0.001)
(0.002 0.00275 0.001)
(0.0021 0.00275 0.001)
(0.0022 0.00275 0.001)
(0.0023 0.00275 0.001)
(0.0024 0.00275 0.001)
(0.0025 0.00275 0.001)
(0.0026 0.00275 0.001)
(0.0027 0.00275 0.001)
(0.0028 0.00275 0.001)
(0.0029 0.00275 0.001)
(0.003 0.00275 0.001)
(0.002 0.0029 0.001)
(0.0021 0.0029 0.001)
(0.0022 0.0029 0.001)
(0.0023 0.0029 0.001)
(0.0024 0.0029 0.001)
(0.0025 0.0029 0.001)
(0.0026 0.0029 0.001)
(0.0027 0.0029 0.001)
(0.0028 0.0029 0.001)
(0.0029 0.0029 0.001)
(0.003 0.0029 0.001)
(0.002 0.00305 0.001)
(0.0021 0.00305 0.001)
(0.0022 0.00305 0.001)
(0.0023 0.00305 0.001)
(0.0024 0.00305 0.001)
(0.0025 0.00305 0.001)
(0.0026 0.00305 0.001)
(0.0027 0.00305 0.001)
(0.0028 0.00305 0.001)
(0.0029 0.00305 0.001)
(0.003 0.00305 0.001)
(0.002 0.0032 0.001)
(0.0021 0.0032 0.001)
(0.0022 0.0032 0.001)
(0.0023 0.0032 0.001)
(0.0024 0.0032 0.001)
(0.0025 0.0032 0.001)
(0.0026 0.0032 0.001)
(0.0027 0.0032 0.001)
(0.0028 0.0032 0.001)
(0.0029 0.0032 0.001)
(0.003 0.0032 0.001)
(0.002 0.00335 0.001)
(0.0021 0.00335 0.001)
(0.0022 0.00335 0.001)
(0.0023 0.00335 0.001)
(0.0024 0.00335 0.001)
(0.0025 0.00335 0.001)
(0.0026 0.00335 0.001)
(0.0027 0.00335 0.001)
(0.0028 0.00335 0.001)
(0.0029 0.00335 0.001)
(0.003 0.00335 0.001)
(0.002 0.0035 0.001)
(0.0021 0.0035 0.001)
(0.0022 0.0035 0.001)
(0.0023 0.0035 0.001)
(0.0024 0.0035 0.001)
(0.0025 0.0035 0.001)
(0.0026 0.0035 0.001)
(0.0027 0.0035 0.001)
(0.0028 0.0035 0.001)
(0.0029 0.0035 0.001)
(0.003 0.0035 0.001)
(0.002 0.00365 0.001)
(0.0021 0.00365 0.001)
(0.0022 0.00365 0.001)
(0.0023 0.00365 0.001)
(0.0024 0.00365 0.001)
(0.0025 0.00365 0.001)
(0.0026 0.00365 0.001)
(0.0027 0.00365 0.001)
(0.0028 0.00365 0.001)
(0.0029 0.00365 0.001)
(0.003 0.00365 0.001)
(0.002 0.0038 0.001)
(0.0021 0.0038 0.001)
(0.0022 0.0038 0.001)
(0.0023 0.0038 0.001)
(0.0024 0.0038 0.001)
(0.0025 0.0038 0.001)
(0.0026 0.0038 0.001)
(0.0027 0.0038 0.001)
(0.0028 0.0038 0.001)
(0.0029 0.0038 0.001)
(0.003 0.0038 0.001)
(0.002 0.00395 0.001)
(0.0021 0.00395 0.001)
(0.0022 0.00395 0.001)
(0.0023 0.00395 0.001)
(0.0024 0.00395 0.001)
(0.0025 0.00395 0.001)
(0.0026 0.00395 0.001)
(0.0027 0.00395 0.001)
(0.0028 0.00395 0.001)
(0.0029 0.00395 0.001)
(0.003 0.00395 0.001)
(0.002 0.0041 0.001)
(0.0021 0.0041 0.001)
(0.0022 0.0041 0.001)
(0.0023 0.0041 0.001)
(0.0024 0.0041 0.001)
(0.0025 0.0041 0.001)
(0.0026 0.0041 0.001)
(0.0027 0.0041 0.001)
(0.0028 0.0041 0.001)
(0.0029 0.0041 0.001)
(0.003 0.0041 0.001)
(0.002 0.00425 0.001)
(0.0021 0.00425 0.001)
(0.0022 0.00425 0.001)
(0.0023 0.00425 0.001)
(0.0024 0.00425 0.001)
(0.0025 0.00425 0.001)
(0.0026 0.00425 0.001)
(0.0027 0.00425 0.001)
(0.0028 0.00425 0.001)
(0.0029 0.00425 0.001)
(0.003 0.00425 0.001)
(0.002 0.0044 0.001)
(0.0021 0.0044 0.001)
(0.0022 0.0044 0.001)
(0.0023 0.0044 0.001)
(0.0024 0.0044 0.001)
(0.0025 0.0044 0.001)
(0.0026 0.0044 0.001)
(0.0027 0.0044 0.001)
(0.0028 0.0044 0.001)
(0.0029 0.0044 0.001)
(0.003 0.0044 0.001)
(0.002 0.00455 0.001)
(0.0021 0.00455 0.001)
(0.0022 0.00455 0.001)
(0.0023 0.00455 0.001)
(0.0024 0.00455 0.001)
(0.0025 0.00455 0.001)
(0.0026 0.00455 0.001)
(0.0027 0.00455 0.001)
(0.0028 0.00455 0.001)
(0.0029 0.00455 0.001)
(0.003 0.00455 0.001)
(0.002 0.0047 0.001)
(0.0021 0.0047 0.001)
(0.0022 0.0047 0.001)
(0.0023 0.0047 0.001)
(0.0024 0.0047 0.001)
(0.0025 0.0047 0.001)
(0.0026 0.0047 0.001)
(0.0027 0.0047 0.001)
(0.0028 0.0047 0.001)
(0.0029 0.0047 0.001)
(0.003 0.0047 0.001)
(0.002 0.00485 0.001)
(0.0021 0.00485 0.001)
(0.0022 0.00485 0.001)
(0.0023 0.00485 0.001)
(0.0024 0.00485 0.001)
(0.0025 0.00485 0.001)
(0.0026 0.00485 0.001)
(0.0027 0.00485 0.001)
(0.0028 0.00485 0.001)
(0.0029 0.00485 0.001)
(0.003 0.00485 0.001)
(0.002 0.005 0.001)
(0.0021 0.005 0.001)
(0.0022 0.005 0.001)
(0.0023 0.005 0.001)
(0.0024 0.005 0.001)
(0.0025 0.005 0.001)
(0.0026 0.005 0.001)
(0.0027 0.005 0.001)
(0.0028 0.005 0.001)
(0.0029 0.005 0.001)
(0.003 0.005 0.001)
)


// ************************************************************************* //
