/*--------------------------------*- C++ -*----------------------------------*\
  =========                 |
  \\      /  F ield         | OpenFOAM: The Open Source CFD Toolbox
   \\    /   O peration     | Website:  https://openfoam.org
    \\  /    A nd           | Version:  11
     \\/     M anipulation  |
\*---------------------------------------------------------------------------*/
FoamFile
{
    format      ascii;
    class       vectorField;
    location    "constant/polyMesh";
    object      points;
}
// * * * * * * * * * * * * * * * * * * * * * * * * * * * * * * * * * * * * * //


882
(
(0 0 0)
(0.00141873727 -0.00058134562 0)
(0.003301081245 -0.001322755438 0)
(0.005802081663 -0.002256059215 0)
(0.009130518084 -0.003408611725 0)
(0.01356792978 -0.004790641714 0)
(0.01949345633 -0.006369896706 0)
(0.02702601547 -0.007953882454 0)
(0.0346391174 -0.009089284164 0)
(0.04230607192 -0.009772121315 0)
(0.05 -0.01 0)
(0.05769392808 -0.009772121315 0)
(0.0653608826 -0.009089284164 0)
(0.07297398453 -0.007953882454 0)
(0.08050654367 -0.006369896706 0)
(0.08643207022 -0.004790641714 0)
(0.09086948192 -0.003408611725 0)
(0.09419791834 -0.002256059215 0)
(0.09669891875 -0.001322755438 0)
(0.09858126273 -0.00058134562 0)
(0.1 0 0)
(0 0.001493714574 0)
(0.001419857217 0.0009210525987 0)
(0.003303524985 0.000190717327 0)
(0.005806014752 -0.0007286455548 0)
(0.009135992963 -0.00186398222 0)
(0.01357475922 -0.003225368626 0)
(0.01950102265 -0.004781034056 0)
(0.02703309545 -0.006341359578 0)
(0.03464450796 -0.007459801627 0)
(0.04230896865 -0.00813243914 0)
(0.05 -0.008356913968 0)
(0.05769103135 -0.00813243914 0)
(0.06535549204 -0.007459801627 0)
(0.07296690455 -0.006341359578 0)
(0.08049897735 -0.004781034056 0)
(0.08642524078 -0.003225368626 0)
(0.09086400704 -0.00186398222 0)
(0.09419398525 -0.0007286455548 0)
(0.09669647501 0.000190717327 0)
(0.09858014278 0.0009210525987 0)
(0.1 0.001493714574 0)
(0 0.003464682772 0)
(0.001421334996 0.002903478933 0)
(0.003306749519 0.002187756613 0)
(0.005811204493 0.001286788852 0)
(0.009143217108 0.0001741686301 0)
(0.01358377072 -0.001159978404 0)
(0.01951100646 -0.00268451722 0)
(0.02704243753 -0.004213622887 0)
(0.03465162084 -0.005309686529 0)
(0.04231279091 -0.00596886554 0)
(0.05 -0.006188848951 0)
(0.05768720909 -0.00596886554 0)
(0.06534837916 -0.005309686529 0)
(0.07295756247 -0.004213622887 0)
(0.08048899354 -0.00268451722 0)
(0.08641622928 -0.001159978404 0)
(0.09085678289 0.0001741686301 0)
(0.09418879551 0.001286788852 0)
(0.09669325048 0.002187756613 0)
(0.098578665 0.002903478933 0)
(0.1 0.003464682772 0)
(0 0.0060653909 0)
(0.001423284936 0.005519306165 0)
(0.003311004317 0.00482286575 0)
(0.005818052398 0.003946170496 0)
(0.009152749426 0.002863524801 0)
(0.01359566147 0.001565320333 0)
(0.01952418019 8.185332985e-05 0)
(0.02705476449 -0.001406057491 0)
(0.03466100634 -0.002472592649 0)
(0.04231783441 -0.003114013058 0)
(0.05 -0.003328070009 0)
(0.05768216559 -0.003114013058 0)
(0.06533899366 -0.002472592649 0)
(0.07294523551 -0.001406057491 0)
(0.08047581981 8.185332985e-05 0)
(0.08640433853 0.001565320333 0)
(0.09084725057 0.002863524801 0)
(0.0941819476 0.003946170496 0)
(0.09668899568 0.00482286575 0)
(0.09857671506 0.005519306165 0)
(0.1 0.0060653909 0)
(0 0.00949704585 0)
(0.001425857899 0.00897091089 0)
(0.003316618557 0.008299913102 0)
(0.005827088262 0.007455245613 0)
(0.009165327394 0.006412151543 0)
(0.0136113514 0.005161373576 0)
(0.01954156302 0.003732101155 0)
(0.02707103 0.002298547259 0)
(0.03467339059 0.00127097517 0)
(0.04232448935 0.0006529873762 0)
(0.05 0.0004467504345 0)
(0.05767551065 0.0006529873762 0)
(0.06532660941 0.00127097517 0)
(0.07292897 0.002298547259 0)
(0.08045843698 0.003732101155 0)
(0.0863886486 0.005161373576 0)
(0.09083467261 0.006412151543 0)
(0.09417291174 0.007455245613 0)
(0.09668338144 0.008299913102 0)
(0.0985741421 0.00897091089 0)
(0.1 0.00949704585 0)
(0 0.0140251417 0)
(0.001429252943 0.01352533063 0)
(0.003324026591 0.01288790459 0)
(0.005839011157 0.01208549799 0)
(0.009181924122 0.0110945926 0)
(0.0136320544 0.009906394277 0)
(0.0195644998 0.008548632035 0)
(0.02709249247 0.007186802533 0)
(0.0346897317 0.006210642522 0)
(0.0423332706 0.005623574249 0)
(0.05 0.005427655872 0)
(0.0576667294 0.005623574249 0)
(0.0653102683 0.006210642522 0)
(0.07290750753 0.007186802533 0)
(0.0804355002 0.008548632035 0)
(0.0863679456 0.009906394277 0)
(0.09081807588 0.0110945926 0)
(0.09416098884 0.01208549799 0)
(0.09667597341 0.01288790459 0)
(0.09857074706 0.01352533063 0)
(0.1 0.0140251417 0)
(0 0.02 0)
(0.001433732731 0.0195349235 0)
(0.003333801551 0.01894179565 0)
(0.005854743511 0.01819515263 0)
(0.009203823637 0.01727311062 0)
(0.01365937216 0.01616748663 0)
(0.01959476507 0.01490408264 0)
(0.02712081238 0.01363689404 0)
(0.03471129392 0.01272857267 0)
(0.04234485753 0.01218230295 0)
(0.05 0.012 0)
(0.05765514247 0.01218230295 0)
(0.06528870608 0.01272857267 0)
(0.07287918762 0.01363689404 0)
(0.08040523493 0.01490408264 0)
(0.08634062784 0.01616748663 0)
(0.09079617636 0.01727311062 0)
(0.09414525649 0.01819515263 0)
(0.09666619845 0.01894179565 0)
(0.09856626727 0.0195349235 0)
(0.1 0.02 0)
(0 0.0275 0)
(0.001439356029 0.02707852443 0)
(0.003346071665 0.02654100231 0)
(0.005874491703 0.02586435707 0)
(0.009231313219 0.0250287565 0)
(0.01369366306 0.02402678476 0)
(0.01963275584 0.02288182489 0)
(0.02715636122 0.02173343522 0)
(0.03473836012 0.02091026898 0)
(0.04235940214 0.02041521205 0)
(0.05 0.02025 0)
(0.05764059786 0.02041521205 0)
(0.06526163988 0.02091026898 0)
(0.07284363878 0.02173343522 0)
(0.08036724416 0.02288182489 0)
(0.08630633694 0.02402678476 0)
(0.09076868678 0.0250287565 0)
(0.0941255083 0.02586435707 0)
(0.09665392833 0.02654100231 0)
(0.09856064397 0.02707852443 0)
(0.1 0.0275 0)
(0 0.035 0)
(0.001444979326 0.03462212535 0)
(0.00335834178 0.03414020897 0)
(0.005894239896 0.03353356151 0)
(0.009258802802 0.03278440238 0)
(0.01372795395 0.03188608289 0)
(0.01967074662 0.03085956714 0)
(0.02719191006 0.02982997641 0)
(0.03476542631 0.02909196529 0)
(0.04237394675 0.02864812115 0)
(0.05 0.0285 0)
(0.05762605325 0.02864812115 0)
(0.06523457369 0.02909196529 0)
(0.07280808994 0.02982997641 0)
(0.08032925338 0.03085956714 0)
(0.08627204605 0.03188608289 0)
(0.0907411972 0.03278440238 0)
(0.0941057601 0.03353356151 0)
(0.09664165822 0.03414020897 0)
(0.09855502067 0.03462212535 0)
(0.1 0.035 0)
(0 0.0425 0)
(0.001450602624 0.04216572627 0)
(0.003370611894 0.04173941562 0)
(0.005913988089 0.04120276595 0)
(0.009286292384 0.04054004826 0)
(0.01376224485 0.03974538101 0)
(0.01970873739 0.03883730939 0)
(0.0272274589 0.03792651759 0)
(0.03479249251 0.03727366161 0)
(0.04238849135 0.03688103024 0)
(0.05 0.03675 0)
(0.05761150865 0.03688103024 0)
(0.06520750749 0.03727366161 0)
(0.0727725411 0.03792651759 0)
(0.08029126261 0.03883730939 0)
(0.08623775515 0.03974538101 0)
(0.09071370762 0.04054004826 0)
(0.09408601191 0.04120276595 0)
(0.09662938811 0.04173941562 0)
(0.09854939738 0.04216572627 0)
(0.1 0.0425 0)
(0 0.05 0)
(0.001456225922 0.04970932719 0)
(0.003382882009 0.04933862228 0)
(0.005933736282 0.04887197039 0)
(0.009313781967 0.04829569414 0)
(0.01379653574 0.04760467914 0)
(0.01974672817 0.04681505165 0)
(0.02726300774 0.04602305877 0)
(0.0348195587 0.04545535792 0)
(0.04240303596 0.04511393934 0)
(0.05 0.045 0)
(0.05759696404 0.04511393934 0)
(0.0651804413 0.04545535792 0)
(0.07273699226 0.04602305877 0)
(0.08025327183 0.04681505165 0)
(0.08620346426 0.04760467914 0)
(0.09068621803 0.04829569414 0)
(0.09406626372 0.04887197039 0)
(0.09661711799 0.04933862228 0)
(0.09854377408 0.04970932719 0)
(0.1 0.05 0)
(0 0.0575 0)
(0.00146184922 0.05725292811 0)
(0.003395152123 0.05693782894 0)
(0.005953484475 0.05654117483 0)
(0.009341271549 0.05605134002 0)
(0.01383082663 0.05546397727 0)
(0.01978471894 0.0547927939 0)
(0.02729855658 0.05411959996 0)
(0.0348466249 0.05363705423 0)
(0.04241758056 0.05334684844 0)
(0.05 0.05325 0)
(0.05758241944 0.05334684844 0)
(0.0651533751 0.05363705423 0)
(0.07270144342 0.05411959996 0)
(0.08021528106 0.0547927939 0)
(0.08616917337 0.05546397727 0)
(0.09065872845 0.05605134002 0)
(0.09404651553 0.05654117483 0)
(0.09660484788 0.05693782894 0)
(0.09853815078 0.05725292811 0)
(0.1 0.0575 0)
(0 0.065 0)
(0.001467472518 0.06479652903 0)
(0.003407422238 0.0645370356 0)
(0.005973232667 0.06421037927 0)
(0.009368761132 0.0638069859 0)
(0.01386511753 0.0633232754 0)
(0.01982270972 0.06277053615 0)
(0.02733410542 0.06221614114 0)
(0.03487369109 0.06181875054 0)
(0.04243212517 0.06157975754 0)
(0.05 0.0615 0)
(0.05756787483 0.06157975754 0)
(0.06512630891 0.06181875054 0)
(0.07266589458 0.06221614114 0)
(0.08017729028 0.06277053615 0)
(0.08613488247 0.0633232754 0)
(0.09063123887 0.0638069859 0)
(0.09402676733 0.06421037927 0)
(0.09659257776 0.0645370356 0)
(0.09853252748 0.06479652903 0)
(0.1 0.065 0)
(0 0.0725 0)
(0.001473095816 0.07234012995 0)
(0.003419692352 0.07213624225 0)
(0.00599298086 0.07187958372 0)
(0.009396250714 0.07156263178 0)
(0.01389940842 0.07118257353 0)
(0.01986070049 0.07074827841 0)
(0.02736965426 0.07031268233 0)
(0.03490075729 0.07000044686 0)
(0.04244666978 0.06981266664 0)
(0.05 0.06975 0)
(0.05755333022 0.06981266664 0)
(0.06509924271 0.07000044686 0)
(0.07263034574 0.07031268233 0)
(0.08013929951 0.07074827841 0)
(0.08610059158 0.07118257353 0)
(0.09060374929 0.07156263178 0)
(0.09400701914 0.07187958372 0)
(0.09658030765 0.07213624225 0)
(0.09852690418 0.07234012995 0)
(0.1 0.0725 0)
(0 0.08 0)
(0.001478719114 0.07988373088 0)
(0.003431962467 0.07973544891 0)
(0.006012729053 0.07954878816 0)
(0.009423740296 0.07931827765 0)
(0.01393369932 0.07904187166 0)
(0.01989869127 0.07872602066 0)
(0.02740520309 0.07840922351 0)
(0.03492782348 0.07818214317 0)
(0.04246121438 0.07804557574 0)
(0.05 0.078 0)
(0.05753878562 0.07804557574 0)
(0.06507217652 0.07818214317 0)
(0.07259479691 0.07840922351 0)
(0.08010130873 0.07872602066 0)
(0.08606630068 0.07904187166 0)
(0.0905762597 0.07931827765 0)
(0.09398727095 0.07954878816 0)
(0.09656803753 0.07973544891 0)
(0.09852128089 0.07988373088 0)
(0.1 0.08 0)
(0 0.0859748583 0)
(0.001483198901 0.08589332375 0)
(0.003441737426 0.08578933997 0)
(0.006028461407 0.0856584428 0)
(0.009445639811 0.08549679567 0)
(0.01396101708 0.08530296401 0)
(0.01992895653 0.08508147126 0)
(0.027433523 0.08485931501 0)
(0.0349493857 0.08470007331 0)
(0.04247280131 0.08460430444 0)
(0.05 0.08457234413 0)
(0.05752719869 0.08460430444 0)
(0.0650506143 0.08470007331 0)
(0.072566477 0.08485931501 0)
(0.08007104347 0.08508147126 0)
(0.08603898292 0.08530296401 0)
(0.09055436019 0.08549679567 0)
(0.09397153859 0.0856584428 0)
(0.09655826257 0.08578933997 0)
(0.0985168011 0.08589332375 0)
(0.1 0.0859748583 0)
(0 0.09050295415 0)
(0.001486593945 0.09044774349 0)
(0.00344914546 0.09037733146 0)
(0.006040384301 0.09028869517 0)
(0.00946223654 0.09017923673 0)
(0.01398172008 0.09004798471 0)
(0.01995189332 0.08989800214 0)
(0.02745498547 0.08974757029 0)
(0.03496572681 0.08963974067 0)
(0.04248158256 0.08957489131 0)
(0.05 0.08955324957 0)
(0.05751841744 0.08957489131 0)
(0.06503427319 0.08963974067 0)
(0.07254501453 0.08974757029 0)
(0.08004810668 0.08989800214 0)
(0.08601827992 0.09004798471 0)
(0.09053776346 0.09017923673 0)
(0.0939596157 0.09028869517 0)
(0.09655085454 0.09037733146 0)
(0.09851340605 0.09044774349 0)
(0.1 0.09050295415 0)
(0 0.0939346091 0)
(0.001489166908 0.09389934822 0)
(0.0034547597 0.09385437881 0)
(0.006049420166 0.09379777029 0)
(0.009474814508 0.09372786347 0)
(0.01399741001 0.09364403795 0)
(0.01996927615 0.09354824996 0)
(0.02747125099 0.09345217504 0)
(0.03497811106 0.09338330848 0)
(0.0424882375 0.09334189174 0)
(0.05 0.09332807001 0)
(0.0575117625 0.09334189174 0)
(0.06502188894 0.09338330848 0)
(0.07252874901 0.09345217504 0)
(0.08003072385 0.09354824996 0)
(0.08600258999 0.09364403795 0)
(0.09052518549 0.09372786347 0)
(0.09395057983 0.09379777029 0)
(0.0965452403 0.09385437881 0)
(0.09851083309 0.09389934822 0)
(0.1 0.0939346091 0)
(0 0.09653531723 0)
(0.001491116849 0.09651517545 0)
(0.003459014498 0.09648948795 0)
(0.006056268071 0.09645715193 0)
(0.009484346825 0.09641721964 0)
(0.01400930076 0.09636933669 0)
(0.01998244987 0.09631462051 0)
(0.02748357794 0.09625974043 0)
(0.03498749656 0.09622040237 0)
(0.04249328101 0.09619674422 0)
(0.05 0.09618884895 0)
(0.05750671899 0.09619674422 0)
(0.06501250344 0.09622040237 0)
(0.07251642206 0.09625974043 0)
(0.08001755013 0.09631462051 0)
(0.08599069924 0.09636933669 0)
(0.09051565317 0.09641721964 0)
(0.09394373193 0.09645715193 0)
(0.0965409855 0.09648948795 0)
(0.09850888315 0.09651517545 0)
(0.1 0.09653531723 0)
(0 0.09850628543 0)
(0.001492594628 0.09849760178 0)
(0.003462239032 0.09848652723 0)
(0.006061457812 0.09847258634 0)
(0.009491570971 0.0984553705 0)
(0.01401831226 0.09843472691 0)
(0.01999243368 0.09841113735 0)
(0.02749292002 0.09838747712 0)
(0.03499460944 0.09837051746 0)
(0.04249710327 0.09836031783 0)
(0.05 0.09835691397 0)
(0.05750289673 0.09836031783 0)
(0.06500539056 0.09837051746 0)
(0.07250707998 0.09838747712 0)
(0.08000756632 0.09841113735 0)
(0.08598168774 0.09843472691 0)
(0.09050842903 0.0984553705 0)
(0.09393854219 0.09847258634 0)
(0.09653776097 0.09848652723 0)
(0.09850740537 0.09849760178 0)
(0.1 0.09850628543 0)
(0 0.1 0)
(0.001493714574 0.1 0)
(0.003464682772 0.1 0)
(0.0060653909 0.1 0)
(0.00949704585 0.1 0)
(0.0140251417 0.1 0)
(0.02 0.1 0)
(0.0275 0.1 0)
(0.035 0.1 0)
(0.0425 0.1 0)
(0.05 0.1 0)
(0.0575 0.1 0)
(0.065 0.1 0)
(0.0725 0.1 0)
(0.08 0.1 0)
(0.0859748583 0.1 0)
(0.09050295415 0.1 0)
(0.0939346091 0.1 0)
(0.09653531723 0.1 0)
(0.09850628543 0.1 0)
(0.1 0.1 0)
(0 0 0.01)
(0.00141873727 -0.00058134562 0.01)
(0.003301081245 -0.001322755438 0.01)
(0.005802081663 -0.002256059215 0.01)
(0.009130518084 -0.003408611725 0.01)
(0.01356792978 -0.004790641714 0.01)
(0.01949345633 -0.006369896706 0.01)
(0.02702601547 -0.007953882454 0.01)
(0.0346391174 -0.009089284164 0.01)
(0.04230607192 -0.009772121315 0.01)
(0.05 -0.01 0.01)
(0.05769392808 -0.009772121315 0.01)
(0.0653608826 -0.009089284164 0.01)
(0.07297398453 -0.007953882454 0.01)
(0.08050654367 -0.006369896706 0.01)
(0.08643207022 -0.004790641714 0.01)
(0.09086948192 -0.003408611725 0.01)
(0.09419791834 -0.002256059215 0.01)
(0.09669891875 -0.001322755438 0.01)
(0.09858126273 -0.00058134562 0.01)
(0.1 0 0.01)
(0 0.001493714574 0.01)
(0.001419857217 0.0009210525987 0.01)
(0.003303524985 0.000190717327 0.01)
(0.005806014752 -0.0007286455548 0.01)
(0.009135992963 -0.00186398222 0.01)
(0.01357475922 -0.003225368626 0.01)
(0.01950102265 -0.004781034056 0.01)
(0.02703309545 -0.006341359578 0.01)
(0.03464450796 -0.007459801627 0.01)
(0.04230896865 -0.00813243914 0.01)
(0.05 -0.008356913968 0.01)
(0.05769103135 -0.00813243914 0.01)
(0.06535549204 -0.007459801627 0.01)
(0.07296690455 -0.006341359578 0.01)
(0.08049897735 -0.004781034056 0.01)
(0.08642524078 -0.003225368626 0.01)
(0.09086400704 -0.00186398222 0.01)
(0.09419398525 -0.0007286455548 0.01)
(0.09669647501 0.000190717327 0.01)
(0.09858014278 0.0009210525987 0.01)
(0.1 0.001493714574 0.01)
(0 0.003464682772 0.01)
(0.001421334996 0.002903478933 0.01)
(0.003306749519 0.002187756613 0.01)
(0.005811204493 0.001286788852 0.01)
(0.009143217108 0.0001741686301 0.01)
(0.01358377072 -0.001159978404 0.01)
(0.01951100646 -0.00268451722 0.01)
(0.02704243753 -0.004213622887 0.01)
(0.03465162084 -0.005309686529 0.01)
(0.04231279091 -0.00596886554 0.01)
(0.05 -0.006188848951 0.01)
(0.05768720909 -0.00596886554 0.01)
(0.06534837916 -0.005309686529 0.01)
(0.07295756247 -0.004213622887 0.01)
(0.08048899354 -0.00268451722 0.01)
(0.08641622928 -0.001159978404 0.01)
(0.09085678289 0.0001741686301 0.01)
(0.09418879551 0.001286788852 0.01)
(0.09669325048 0.002187756613 0.01)
(0.098578665 0.002903478933 0.01)
(0.1 0.003464682772 0.01)
(0 0.0060653909 0.01)
(0.001423284936 0.005519306165 0.01)
(0.003311004317 0.00482286575 0.01)
(0.005818052398 0.003946170496 0.01)
(0.009152749426 0.002863524801 0.01)
(0.01359566147 0.001565320333 0.01)
(0.01952418019 8.185332985e-05 0.01)
(0.02705476449 -0.001406057491 0.01)
(0.03466100634 -0.002472592649 0.01)
(0.04231783441 -0.003114013058 0.01)
(0.05 -0.003328070009 0.01)
(0.05768216559 -0.003114013058 0.01)
(0.06533899366 -0.002472592649 0.01)
(0.07294523551 -0.001406057491 0.01)
(0.08047581981 8.185332985e-05 0.01)
(0.08640433853 0.001565320333 0.01)
(0.09084725057 0.002863524801 0.01)
(0.0941819476 0.003946170496 0.01)
(0.09668899568 0.00482286575 0.01)
(0.09857671506 0.005519306165 0.01)
(0.1 0.0060653909 0.01)
(0 0.00949704585 0.01)
(0.001425857899 0.00897091089 0.01)
(0.003316618557 0.008299913102 0.01)
(0.005827088262 0.007455245613 0.01)
(0.009165327394 0.006412151543 0.01)
(0.0136113514 0.005161373576 0.01)
(0.01954156302 0.003732101155 0.01)
(0.02707103 0.002298547259 0.01)
(0.03467339059 0.00127097517 0.01)
(0.04232448935 0.0006529873762 0.01)
(0.05 0.0004467504345 0.01)
(0.05767551065 0.0006529873762 0.01)
(0.06532660941 0.00127097517 0.01)
(0.07292897 0.002298547259 0.01)
(0.08045843698 0.003732101155 0.01)
(0.0863886486 0.005161373576 0.01)
(0.09083467261 0.006412151543 0.01)
(0.09417291174 0.007455245613 0.01)
(0.09668338144 0.008299913102 0.01)
(0.0985741421 0.00897091089 0.01)
(0.1 0.00949704585 0.01)
(0 0.0140251417 0.01)
(0.001429252943 0.01352533063 0.01)
(0.003324026591 0.01288790459 0.01)
(0.005839011157 0.01208549799 0.01)
(0.009181924122 0.0110945926 0.01)
(0.0136320544 0.009906394277 0.01)
(0.0195644998 0.008548632035 0.01)
(0.02709249247 0.007186802533 0.01)
(0.0346897317 0.006210642522 0.01)
(0.0423332706 0.005623574249 0.01)
(0.05 0.005427655872 0.01)
(0.0576667294 0.005623574249 0.01)
(0.0653102683 0.006210642522 0.01)
(0.07290750753 0.007186802533 0.01)
(0.0804355002 0.008548632035 0.01)
(0.0863679456 0.009906394277 0.01)
(0.09081807588 0.0110945926 0.01)
(0.09416098884 0.01208549799 0.01)
(0.09667597341 0.01288790459 0.01)
(0.09857074706 0.01352533063 0.01)
(0.1 0.0140251417 0.01)
(0 0.02 0.01)
(0.001433732731 0.0195349235 0.01)
(0.003333801551 0.01894179565 0.01)
(0.005854743511 0.01819515263 0.01)
(0.009203823637 0.01727311062 0.01)
(0.01365937216 0.01616748663 0.01)
(0.01959476507 0.01490408264 0.01)
(0.02712081238 0.01363689404 0.01)
(0.03471129392 0.01272857267 0.01)
(0.04234485753 0.01218230295 0.01)
(0.05 0.012 0.01)
(0.05765514247 0.01218230295 0.01)
(0.06528870608 0.01272857267 0.01)
(0.07287918762 0.01363689404 0.01)
(0.08040523493 0.01490408264 0.01)
(0.08634062784 0.01616748663 0.01)
(0.09079617636 0.01727311062 0.01)
(0.09414525649 0.01819515263 0.01)
(0.09666619845 0.01894179565 0.01)
(0.09856626727 0.0195349235 0.01)
(0.1 0.02 0.01)
(0 0.0275 0.01)
(0.001439356029 0.02707852443 0.01)
(0.003346071665 0.02654100231 0.01)
(0.005874491703 0.02586435707 0.01)
(0.009231313219 0.0250287565 0.01)
(0.01369366306 0.02402678476 0.01)
(0.01963275584 0.02288182489 0.01)
(0.02715636122 0.02173343522 0.01)
(0.03473836012 0.02091026898 0.01)
(0.04235940214 0.02041521205 0.01)
(0.05 0.02025 0.01)
(0.05764059786 0.02041521205 0.01)
(0.06526163988 0.02091026898 0.01)
(0.07284363878 0.02173343522 0.01)
(0.08036724416 0.02288182489 0.01)
(0.08630633694 0.02402678476 0.01)
(0.09076868678 0.0250287565 0.01)
(0.0941255083 0.02586435707 0.01)
(0.09665392833 0.02654100231 0.01)
(0.09856064397 0.02707852443 0.01)
(0.1 0.0275 0.01)
(0 0.035 0.01)
(0.001444979326 0.03462212535 0.01)
(0.00335834178 0.03414020897 0.01)
(0.005894239896 0.03353356151 0.01)
(0.009258802802 0.03278440238 0.01)
(0.01372795395 0.03188608289 0.01)
(0.01967074662 0.03085956714 0.01)
(0.02719191006 0.02982997641 0.01)
(0.03476542631 0.02909196529 0.01)
(0.04237394675 0.02864812115 0.01)
(0.05 0.0285 0.01)
(0.05762605325 0.02864812115 0.01)
(0.06523457369 0.02909196529 0.01)
(0.07280808994 0.02982997641 0.01)
(0.08032925338 0.03085956714 0.01)
(0.08627204605 0.03188608289 0.01)
(0.0907411972 0.03278440238 0.01)
(0.0941057601 0.03353356151 0.01)
(0.09664165822 0.03414020897 0.01)
(0.09855502067 0.03462212535 0.01)
(0.1 0.035 0.01)
(0 0.0425 0.01)
(0.001450602624 0.04216572627 0.01)
(0.003370611894 0.04173941562 0.01)
(0.005913988089 0.04120276595 0.01)
(0.009286292384 0.04054004826 0.01)
(0.01376224485 0.03974538101 0.01)
(0.01970873739 0.03883730939 0.01)
(0.0272274589 0.03792651759 0.01)
(0.03479249251 0.03727366161 0.01)
(0.04238849135 0.03688103024 0.01)
(0.05 0.03675 0.01)
(0.05761150865 0.03688103024 0.01)
(0.06520750749 0.03727366161 0.01)
(0.0727725411 0.03792651759 0.01)
(0.08029126261 0.03883730939 0.01)
(0.08623775515 0.03974538101 0.01)
(0.09071370762 0.04054004826 0.01)
(0.09408601191 0.04120276595 0.01)
(0.09662938811 0.04173941562 0.01)
(0.09854939738 0.04216572627 0.01)
(0.1 0.0425 0.01)
(0 0.05 0.01)
(0.001456225922 0.04970932719 0.01)
(0.003382882009 0.04933862228 0.01)
(0.005933736282 0.04887197039 0.01)
(0.009313781967 0.04829569414 0.01)
(0.01379653574 0.04760467914 0.01)
(0.01974672817 0.04681505165 0.01)
(0.02726300774 0.04602305877 0.01)
(0.0348195587 0.04545535792 0.01)
(0.04240303596 0.04511393934 0.01)
(0.05 0.045 0.01)
(0.05759696404 0.04511393934 0.01)
(0.0651804413 0.04545535792 0.01)
(0.07273699226 0.04602305877 0.01)
(0.08025327183 0.04681505165 0.01)
(0.08620346426 0.04760467914 0.01)
(0.09068621803 0.04829569414 0.01)
(0.09406626372 0.04887197039 0.01)
(0.09661711799 0.04933862228 0.01)
(0.09854377408 0.04970932719 0.01)
(0.1 0.05 0.01)
(0 0.0575 0.01)
(0.00146184922 0.05725292811 0.01)
(0.003395152123 0.05693782894 0.01)
(0.005953484475 0.05654117483 0.01)
(0.009341271549 0.05605134002 0.01)
(0.01383082663 0.05546397727 0.01)
(0.01978471894 0.0547927939 0.01)
(0.02729855658 0.05411959996 0.01)
(0.0348466249 0.05363705423 0.01)
(0.04241758056 0.05334684844 0.01)
(0.05 0.05325 0.01)
(0.05758241944 0.05334684844 0.01)
(0.0651533751 0.05363705423 0.01)
(0.07270144342 0.05411959996 0.01)
(0.08021528106 0.0547927939 0.01)
(0.08616917337 0.05546397727 0.01)
(0.09065872845 0.05605134002 0.01)
(0.09404651553 0.05654117483 0.01)
(0.09660484788 0.05693782894 0.01)
(0.09853815078 0.05725292811 0.01)
(0.1 0.0575 0.01)
(0 0.065 0.01)
(0.001467472518 0.06479652903 0.01)
(0.003407422238 0.0645370356 0.01)
(0.005973232667 0.06421037927 0.01)
(0.009368761132 0.0638069859 0.01)
(0.01386511753 0.0633232754 0.01)
(0.01982270972 0.06277053615 0.01)
(0.02733410542 0.06221614114 0.01)
(0.03487369109 0.06181875054 0.01)
(0.04243212517 0.06157975754 0.01)
(0.05 0.0615 0.01)
(0.05756787483 0.06157975754 0.01)
(0.06512630891 0.06181875054 0.01)
(0.07266589458 0.06221614114 0.01)
(0.08017729028 0.06277053615 0.01)
(0.08613488247 0.0633232754 0.01)
(0.09063123887 0.0638069859 0.01)
(0.09402676733 0.06421037927 0.01)
(0.09659257776 0.0645370356 0.01)
(0.09853252748 0.06479652903 0.01)
(0.1 0.065 0.01)
(0 0.0725 0.01)
(0.001473095816 0.07234012995 0.01)
(0.003419692352 0.07213624225 0.01)
(0.00599298086 0.07187958372 0.01)
(0.009396250714 0.07156263178 0.01)
(0.01389940842 0.07118257353 0.01)
(0.01986070049 0.07074827841 0.01)
(0.02736965426 0.07031268233 0.01)
(0.03490075729 0.07000044686 0.01)
(0.04244666978 0.06981266664 0.01)
(0.05 0.06975 0.01)
(0.05755333022 0.06981266664 0.01)
(0.06509924271 0.07000044686 0.01)
(0.07263034574 0.07031268233 0.01)
(0.08013929951 0.07074827841 0.01)
(0.08610059158 0.07118257353 0.01)
(0.09060374929 0.07156263178 0.01)
(0.09400701914 0.07187958372 0.01)
(0.09658030765 0.07213624225 0.01)
(0.09852690418 0.07234012995 0.01)
(0.1 0.0725 0.01)
(0 0.08 0.01)
(0.001478719114 0.07988373088 0.01)
(0.003431962467 0.07973544891 0.01)
(0.006012729053 0.07954878816 0.01)
(0.009423740296 0.07931827765 0.01)
(0.01393369932 0.07904187166 0.01)
(0.01989869127 0.07872602066 0.01)
(0.02740520309 0.07840922351 0.01)
(0.03492782348 0.07818214317 0.01)
(0.04246121438 0.07804557574 0.01)
(0.05 0.078 0.01)
(0.05753878562 0.07804557574 0.01)
(0.06507217652 0.07818214317 0.01)
(0.07259479691 0.07840922351 0.01)
(0.08010130873 0.07872602066 0.01)
(0.08606630068 0.07904187166 0.01)
(0.0905762597 0.07931827765 0.01)
(0.09398727095 0.07954878816 0.01)
(0.09656803753 0.07973544891 0.01)
(0.09852128089 0.07988373088 0.01)
(0.1 0.08 0.01)
(0 0.0859748583 0.01)
(0.001483198901 0.08589332375 0.01)
(0.003441737426 0.08578933997 0.01)
(0.006028461407 0.0856584428 0.01)
(0.009445639811 0.08549679567 0.01)
(0.01396101708 0.08530296401 0.01)
(0.01992895653 0.08508147126 0.01)
(0.027433523 0.08485931501 0.01)
(0.0349493857 0.08470007331 0.01)
(0.04247280131 0.08460430444 0.01)
(0.05 0.08457234413 0.01)
(0.05752719869 0.08460430444 0.01)
(0.0650506143 0.08470007331 0.01)
(0.072566477 0.08485931501 0.01)
(0.08007104347 0.08508147126 0.01)
(0.08603898292 0.08530296401 0.01)
(0.09055436019 0.08549679567 0.01)
(0.09397153859 0.0856584428 0.01)
(0.09655826257 0.08578933997 0.01)
(0.0985168011 0.08589332375 0.01)
(0.1 0.0859748583 0.01)
(0 0.09050295415 0.01)
(0.001486593945 0.09044774349 0.01)
(0.00344914546 0.09037733146 0.01)
(0.006040384301 0.09028869517 0.01)
(0.00946223654 0.09017923673 0.01)
(0.01398172008 0.09004798471 0.01)
(0.01995189332 0.08989800214 0.01)
(0.02745498547 0.08974757029 0.01)
(0.03496572681 0.08963974067 0.01)
(0.04248158256 0.08957489131 0.01)
(0.05 0.08955324957 0.01)
(0.05751841744 0.08957489131 0.01)
(0.06503427319 0.08963974067 0.01)
(0.07254501453 0.08974757029 0.01)
(0.08004810668 0.08989800214 0.01)
(0.08601827992 0.09004798471 0.01)
(0.09053776346 0.09017923673 0.01)
(0.0939596157 0.09028869517 0.01)
(0.09655085454 0.09037733146 0.01)
(0.09851340605 0.09044774349 0.01)
(0.1 0.09050295415 0.01)
(0 0.0939346091 0.01)
(0.001489166908 0.09389934822 0.01)
(0.0034547597 0.09385437881 0.01)
(0.006049420166 0.09379777029 0.01)
(0.009474814508 0.09372786347 0.01)
(0.01399741001 0.09364403795 0.01)
(0.01996927615 0.09354824996 0.01)
(0.02747125099 0.09345217504 0.01)
(0.03497811106 0.09338330848 0.01)
(0.0424882375 0.09334189174 0.01)
(0.05 0.09332807001 0.01)
(0.0575117625 0.09334189174 0.01)
(0.06502188894 0.09338330848 0.01)
(0.07252874901 0.09345217504 0.01)
(0.08003072385 0.09354824996 0.01)
(0.08600258999 0.09364403795 0.01)
(0.09052518549 0.09372786347 0.01)
(0.09395057983 0.09379777029 0.01)
(0.0965452403 0.09385437881 0.01)
(0.09851083309 0.09389934822 0.01)
(0.1 0.0939346091 0.01)
(0 0.09653531723 0.01)
(0.001491116849 0.09651517545 0.01)
(0.003459014498 0.09648948795 0.01)
(0.006056268071 0.09645715193 0.01)
(0.009484346825 0.09641721964 0.01)
(0.01400930076 0.09636933669 0.01)
(0.01998244987 0.09631462051 0.01)
(0.02748357794 0.09625974043 0.01)
(0.03498749656 0.09622040237 0.01)
(0.04249328101 0.09619674422 0.01)
(0.05 0.09618884895 0.01)
(0.05750671899 0.09619674422 0.01)
(0.06501250344 0.09622040237 0.01)
(0.07251642206 0.09625974043 0.01)
(0.08001755013 0.09631462051 0.01)
(0.08599069924 0.09636933669 0.01)
(0.09051565317 0.09641721964 0.01)
(0.09394373193 0.09645715193 0.01)
(0.0965409855 0.09648948795 0.01)
(0.09850888315 0.09651517545 0.01)
(0.1 0.09653531723 0.01)
(0 0.09850628543 0.01)
(0.001492594628 0.09849760178 0.01)
(0.003462239032 0.09848652723 0.01)
(0.006061457812 0.09847258634 0.01)
(0.009491570971 0.0984553705 0.01)
(0.01401831226 0.09843472691 0.01)
(0.01999243368 0.09841113735 0.01)
(0.02749292002 0.09838747712 0.01)
(0.03499460944 0.09837051746 0.01)
(0.04249710327 0.09836031783 0.01)
(0.05 0.09835691397 0.01)
(0.05750289673 0.09836031783 0.01)
(0.06500539056 0.09837051746 0.01)
(0.07250707998 0.09838747712 0.01)
(0.08000756632 0.09841113735 0.01)
(0.08598168774 0.09843472691 0.01)
(0.09050842903 0.0984553705 0.01)
(0.09393854219 0.09847258634 0.01)
(0.09653776097 0.09848652723 0.01)
(0.09850740537 0.09849760178 0.01)
(0.1 0.09850628543 0.01)
(0 0.1 0.01)
(0.001493714574 0.1 0.01)
(0.003464682772 0.1 0.01)
(0.0060653909 0.1 0.01)
(0.00949704585 0.1 0.01)
(0.0140251417 0.1 0.01)
(0.02 0.1 0.01)
(0.0275 0.1 0.01)
(0.035 0.1 0.01)
(0.0425 0.1 0.01)
(0.05 0.1 0.01)
(0.0575 0.1 0.01)
(0.065 0.1 0.01)
(0.0725 0.1 0.01)
(0.08 0.1 0.01)
(0.0859748583 0.1 0.01)
(0.09050295415 0.1 0.01)
(0.0939346091 0.1 0.01)
(0.09653531723 0.1 0.01)
(0.09850628543 0.1 0.01)
(0.1 0.1 0.01)
)


// ************************************************************************* //
